15
95
82
3
84
86
6
100
42
58
80
54
32
87
68
23
96
25
37
20
38
53
31
50
34
57
95
52
44
89
3
76
76
37
60
77
53
41
69
18
23
98
51
94
30
71
88
79
18
21
7
0
79
31
1
27
50
67
96
89
90
73
1
10
77
18
54
84
98
18
37
3
83
61
60
92
43
12
52
12
89
25
39
9
77
30
74
35
63
48
74
16
91
42
42
81
31
88
94
87
69
63
15
92
24
89
0
81
77
16
46
15
47
53
65
5
33
42
86
41
93
70
36
36
27
75
24
38
37
86
91
8
69
20
94
41
93
86
17
8
95
90
0
41
69
71
85
19
92
77
50
81
13
94
0
11
21
3
91
17
36
69
94
16
24
65
18
19
5
8
92
63
41
49
63
44
9
46
91
32
57
85
21
32
40
42
33
71
72
100
73
11
47
85
77
80
2
47
23
92
18
100
48
39
46
19
68
22
52
50
99
66
97
21
60
100
3
94
62
23
40
21
45
53
78
42
71
81
38
49
96
3
1
10
94
60
0
38
21
13
47
29
62
48
43
73
13
74
63
33
92
18
95
38
70
96
13
66
88
26
25
15
15
93
79
39
54
99
36
10
12
65
47
57
41
85
41
74
32
36
85
48
85
44
57
36
41
75
11
47
64
19
95
79
3
77
5
22
68
22
83
20
41
47
49
11
80
26
32
99
27
31
21
44
13
26
69
70
10
42
99
10
43
56
88
75
88
52
85
81
64
41
9
70
91
72
5
34
0
49
70
59
31
96
79
90
71
44
98
90
21
37
97
21
58
28
95
10
61
47
23
8
89
3
41
56
38
100
70
19
28
61
11
69
45
43
47
66
60
95
97
76
45
100
1
97
7
95
2
20
33
22
93
85
48
6
36
56
21
22
92
79
78
29
32
5
77
76
37
45
78
59
36
10
66
8
31
8
99
81
92
37
83
45
93
2
11
73
16
43
16
94
40
76
19
61
37
78
91
55
79
61
69
47
20
48
75
94
54
28
24
84
25
27
25
20
53
97
57
66
49
8
34
20
57
0
53
21
12
18
89
97
59
2
55
17
32
30
39
100
7
7
15
84
94
81
69
93
31
55
41
2
50
1
18
55
49
16
81
98
60
47
29
36
2
49
53
64
63
29
2
81
94
21
40
38
28
23
23
46
12
84
9
26
96
96
15
40
70
55
1
89
38
23
71
57
28
58
70
67
32
68
24
22
23
47
28
25
16
26
10
28
35
46
50
28
36
20
53
28
99
66
28
49
11
50
46
91
43
54
85
30
46
19
32
6
31
64
3
79
78
42
86
63
35
29
55
90
70
45
30
37
83
4
70
1
34
1
13
32
77
94
92
3
87
98
14
24
24
55
31
98
100
94
16
74
5
47
83
89
62
18
100
55
44
5
52
13
7
97
27
73
50
76
54
84
25
0
30
91
1
33
63
71
11
39
19
43
71
90
51
89
51
57
38
17
68
61
26
49
88
24
96
50
23
21
69
48
80
72
6
21
73
78
9
63
33
2
79
21
38
51
20
28
33
62
14
100
35
85
61
97
16
12
65
5
42
37
65
95
50
79
54
89
65
14
45
81
23
14
98
42
78
24
12
61
11
79
68
15
9
18
72
27
88
22
64
34
31
8
68
28
48
64
12
84
32
82
94
40
28
94
1
50
18
18
91
88
59
69
0
22
35
22
69
31
15
5
72
37
70
81
66
38
26
64
77
90
51
7
47
73
19
26
60
8
90
11
17
60
37
34
77
53
38
15
58
33
51
29
74
50
100
19
5
87
34
70
18
27
18
51
72
93
0
57
93
33
2
51
66
17
22
4
31
74
91
33
43
67
100
23
56
84
21
2
84
7
58
24
5
79
24
93
19
40
64
85
83
5
21
60
14
30
26
8
22
87
55
77
82
73
37
56
95
4
41
19
98
15
98
47
98
7
93
97
80
32
77
58
52
7
71
20
38
84
89
52
62
25
61
69
90
41
21
97
54
64
68
28
3
94
7
12
29
83
84
2
41
9
33
41
45
37
61
95
74
41
93
42
97
42
52
21
97
99
27
9
47
95
14
66
79
25
39
10
41
13
56
22
57
34
25
47
33
13
67
23
10
15
94
0
48
2
37
89
98
94
76
78
33
43
77
15
94
22
60
98
33
62
29
30
99
35
36
3
27
78
97
55
21
35
79
32
23
92
78
73
76
33
46
38
87
66
62
1
71
9
1
71
93
71
62
25
24
88
49
8
75
92
