0 0 0
0 1 2
0 1 3
0 1 4
0 2 0
0 2 1
0 2 3
0 2 4
0 2 5
0 3 0
0 3 1
0 3 2
0 3 4
0 3 5
0 3 6
0 4 1
0 4 2
0 4 3
0 4 5
0 4 6
0 4 7
0 5 2
0 5 3
0 5 4
0 5 6
0 5 7
0 5 8
0 6 3
0 6 4
0 6 5
0 6 7
0 6 8
0 6 9
0 7 4
0 7 5
0 7 6
0 7 8
0 7 9
0 7 10
0 8 5
0 8 6
0 8 7
0 8 9
0 8 10
0 8 11
0 9 6
0 9 7
0 9 8
0 9 10
0 9 11
0 9 12
0 10 7
0 10 8
0 10 9
0 10 11
0 10 12
0 10 13
0 11 8
0 11 9
0 11 10
0 11 12
0 11 13
0 11 14
0 12 9
0 12 10
0 12 11
0 12 13
0 12 14
0 12 15
0 13 10
0 13 11
0 13 12
0 13 14
0 13 15
0 13 16
0 14 11
0 14 12
0 14 13
0 14 15
0 14 16
0 14 17
0 15 12
0 15 13
0 15 14
0 15 16
0 15 17
0 15 18
0 16 13
0 16 14
0 16 15
0 16 17
0 16 18
0 16 19
0 17 14
0 17 15
0 17 16
0 17 18
0 17 19
0 17 20
0 18 15
0 18 16
0 18 17
0 18 19
0 18 20
0 18 21
0 19 16
0 19 17
0 19 18
0 19 20
0 19 21
0 19 22
0 20 17
0 20 18
0 20 19
0 20 21
0 20 22
0 20 23
0 21 18
0 21 19
0 21 20
0 21 22
0 21 23
0 21 24
0 22 19
0 22 20
0 22 21
0 22 23
0 22 24
0 22 25
0 23 20
0 23 21
0 23 22
0 23 24
0 23 25
0 23 26
0 24 21
0 24 22
0 24 23
0 24 25
0 24 26
0 24 27
0 25 22
0 25 23
0 25 24
0 25 26
0 25 27
0 25 28
0 26 23
0 26 24
0 26 25
0 26 27
0 26 28
0 26 29
0 27 24
0 27 25
0 27 26
0 27 28
0 27 29
0 27 30
0 28 25
0 28 26
0 28 27
0 28 29
0 28 30
0 28 31
0 29 26
0 29 27
0 29 28
0 29 30
0 29 31
0 29 32
0 30 27
0 30 28
0 30 29
0 30 31
0 30 32
0 30 33
0 31 28
0 31 29
0 31 30
0 31 32
0 31 33
0 31 34
0 32 29
0 32 30
0 32 31
0 32 33
0 32 34
0 32 35
0 33 30
0 33 31
0 33 32
0 33 34
0 33 35
0 33 36
0 34 31
0 34 32
0 34 33
0 34 35
0 34 36
0 34 37
0 35 32
0 35 33
0 35 34
0 35 36
0 35 37
0 35 38
0 36 33
0 36 34
0 36 35
0 36 37
0 36 38
0 36 39
0 37 34
0 37 35
0 37 36
0 37 38
0 37 39
0 37 40
0 38 35
0 38 36
0 38 37
0 38 39
0 38 40
0 38 41
0 39 36
0 39 37
0 39 38
0 39 40
0 39 41
0 39 42
0 40 37
0 40 38
0 40 39
0 40 41
0 40 42
0 40 43
0 41 38
0 41 39
0 41 40
0 41 42
0 41 43
0 41 44
0 42 39
0 42 40
0 42 41
0 42 43
0 42 44
0 42 45
0 43 40
0 43 41
0 43 42
0 43 44
0 43 45
0 43 46
0 44 41
0 44 42
0 44 43
0 44 45
0 44 46
0 44 47
0 45 42
0 45 43
0 45 44
0 45 46
0 45 47
0 45 48
0 46 43
0 46 44
0 46 45
0 46 47
0 46 48
0 46 49
0 47 44
0 47 45
0 47 46
0 47 48
0 47 49
0 47 50
0 48 45
0 48 46
0 48 47
0 48 49
0 48 50
0 48 51
0 49 46
0 49 47
0 49 48
0 49 50
0 49 51
0 49 52
0 50 47
0 50 48
0 50 49
0 50 51
0 50 52
0 50 53
0 51 48
0 51 49
0 51 50
0 51 52
0 51 53
0 51 54
0 52 49
0 52 50
0 52 51
0 52 53
0 52 54
0 52 55
0 53 50
0 53 51
0 53 52
0 53 54
0 53 55
0 53 56
0 54 51
0 54 52
0 54 53
0 54 55
0 54 56
0 54 57
0 55 52
0 55 53
0 55 54
0 55 56
0 55 57
0 55 58
0 56 53
0 56 54
0 56 55
0 56 57
0 56 58
0 56 59
0 57 54
0 57 55
0 57 56
0 57 58
0 57 59
0 57 60
0 58 55
0 58 56
0 58 57
0 58 59
0 58 60
0 58 61
0 59 56
0 59 57
0 59 58
0 59 60
0 59 61
0 59 62
0 60 57
0 60 58
0 60 59
0 60 61
0 60 62
0 60 63
0 61 58
0 61 59
0 61 60
0 61 62
0 61 63
0 61 64
0 62 59
0 62 60
0 62 61
0 62 63
0 62 64
0 62 65
0 63 60
0 63 61
0 63 62
0 63 64
0 63 65
0 63 66
0 64 61
0 64 62
0 64 63
0 64 65
0 64 66
0 64 67
0 65 62
0 65 63
0 65 64
0 65 66
0 65 67
0 65 68
0 66 63
0 66 64
0 66 65
0 66 67
0 66 68
0 66 69
0 67 64
0 67 65
0 67 66
0 67 68
0 67 69
0 67 70
0 68 65
0 68 66
0 68 67
0 68 69
0 68 70
0 68 71
0 69 66
0 69 67
0 69 68
0 69 70
0 69 71
0 69 72
0 70 67
0 70 68
0 70 69
0 70 71
0 70 72
0 70 73
0 71 68
0 71 69
0 71 70
0 71 72
0 71 73
0 71 74
0 72 69
0 72 70
0 72 71
0 72 73
0 72 74
0 72 75
0 73 70
0 73 71
0 73 72
0 73 74
0 73 75
0 73 76
0 74 71
0 74 72
0 74 73
0 74 75
0 74 76
0 74 77
0 75 72
0 75 73
0 75 74
0 75 76
0 75 77
0 75 78
0 76 73
0 76 74
0 76 75
0 76 77
0 76 78
0 76 79
0 77 74
0 77 75
0 77 76
0 77 78
0 77 79
0 77 80
0 78 75
0 78 76
0 78 77
0 78 79
0 78 80
0 78 81
0 79 76
0 79 77
0 79 78
0 79 80
0 79 81
0 79 82
0 80 77
0 80 78
0 80 79
0 80 81
0 80 82
0 80 83
0 81 78
0 81 79
0 81 80
0 81 82
0 81 83
0 81 84
0 82 79
0 82 80
0 82 81
0 82 83
0 82 84
0 82 85
0 83 80
0 83 81
0 83 82
0 83 84
0 83 85
0 83 86
0 84 81
0 84 82
0 84 83
0 84 85
0 84 86
0 84 87
0 85 82
0 85 83
0 85 84
0 85 86
0 85 87
0 85 88
0 86 83
0 86 84
0 86 85
0 86 87
0 86 88
0 86 89
0 87 84
0 87 85
0 87 86
0 87 88
0 87 89
0 87 90
0 88 85
0 88 86
0 88 87
0 88 89
0 88 90
0 88 91
0 89 86
0 89 87
0 89 88
0 89 90
0 89 91
0 89 92
0 90 87
0 90 88
0 90 89
0 90 91
0 90 92
0 90 93
0 91 88
0 91 89
0 91 90
0 91 92
0 91 93
0 91 94
0 92 89
0 92 90
0 92 91
0 92 93
0 92 94
0 92 95
0 93 90
0 93 91
0 93 92
0 93 94
0 93 95
0 93 96
0 94 91
0 94 92
0 94 93
0 94 95
0 94 96
0 94 97
0 95 92
0 95 93
0 95 94
0 95 96
0 95 97
0 95 98
0 96 93
0 96 94
0 96 95
0 96 97
0 96 98
0 96 99
0 97 94
0 97 95
0 97 96
0 97 98
0 97 99
0 97 100
0 98 95
0 98 96
0 98 97
0 98 99
0 98 100
0 98 101
0 99 96
0 99 97
0 99 98
0 99 100
0 99 101
0 99 102
0 100 97
0 100 98
0 100 99
0 100 101
0 100 102
0 100 103
0 101 98
0 101 99
0 101 100
0 101 102
0 101 103
0 101 104
0 102 99
0 102 100
0 102 101
0 102 103
0 102 104
0 102 105
0 103 100
0 103 101
0 103 102
0 103 104
0 103 105
0 103 106
0 104 101
0 104 102
0 104 103
0 104 105
0 104 106
0 104 107
0 105 102
0 105 103
0 105 104
0 105 106
0 105 107
0 105 108
0 106 103
0 106 104
0 106 105
0 106 107
0 106 108
0 106 109
0 107 104
0 107 105
0 107 106
0 107 108
0 107 109
0 107 110
0 108 105
0 108 106
0 108 107
0 108 109
0 108 110
0 108 111
0 109 106
0 109 107
0 109 108
0 109 110
0 109 111
0 109 112
0 110 107
0 110 108
0 110 109
0 110 111
0 110 112
0 110 113
0 111 108
0 111 109
0 111 110
0 111 112
0 111 113
0 111 114
0 112 109
0 112 110
0 112 111
0 112 113
0 112 114
0 112 115
0 113 110
0 113 111
0 113 112
0 113 114
0 113 115
0 113 116
0 114 111
0 114 112
0 114 113
0 114 115
0 114 116
0 114 117
0 115 112
0 115 113
0 115 114
0 115 116
0 115 117
0 115 118
0 116 113
0 116 114
0 116 115
0 116 117
0 116 118
0 116 119
0 117 114
0 117 115
0 117 116
0 117 118
0 117 119
0 117 120
0 118 115
0 118 116
0 118 117
0 118 119
0 118 120
0 118 121
0 119 116
0 119 117
0 119 118
0 119 120
0 119 121
0 119 122
0 120 117
0 120 118
0 120 119
0 120 121
0 120 122
0 120 123
0 121 118
0 121 119
0 121 120
0 121 122
0 121 123
0 121 124
0 122 119
0 122 120
0 122 121
0 122 123
0 122 124
0 122 125
0 123 120
0 123 121
0 123 122
0 123 124
0 123 125
0 123 126
0 124 121
0 124 122
0 124 123
0 124 125
0 124 126
0 124 127
0 125 122
0 125 123
0 125 124
0 125 126
0 125 127
0 125 128
0 126 123
0 126 124
0 126 125
0 126 127
0 126 128
0 126 129
0 127 124
0 127 125
0 127 126
0 127 128
0 127 129
0 127 130
0 128 125
0 128 126
0 128 127
0 128 129
0 128 130
0 128 131
0 129 126
0 129 127
0 129 128
0 129 130
0 129 131
0 129 132
0 130 127
0 130 128
0 130 129
0 130 131
0 130 132
0 130 133
0 131 128
0 131 129
0 131 130
0 131 132
0 131 133
0 131 134
0 132 129
0 132 130
0 132 131
0 132 133
0 132 134
0 132 135
0 133 130
0 133 131
0 133 132
0 133 134
0 133 135
0 133 136
0 134 131
0 134 132
0 134 133
0 134 135
0 134 136
0 134 137
0 135 132
0 135 133
0 135 134
0 135 136
0 135 137
0 135 138
0 136 133
0 136 134
0 136 135
0 136 137
0 136 138
0 136 139
0 137 134
0 137 135
0 137 136
0 137 138
0 137 139
0 137 140
0 138 135
0 138 136
0 138 137
0 138 139
0 138 140
0 138 141
0 139 136
0 139 137
0 139 138
0 139 140
0 139 141
0 139 142
0 140 137
0 140 138
0 140 139
0 140 141
0 140 142
0 140 143
0 141 138
0 141 139
0 141 140
0 141 142
0 141 143
0 141 144
0 142 139
0 142 140
0 142 141
0 142 143
0 142 144
0 142 145
0 143 140
0 143 141
0 143 142
0 143 144
0 143 145
0 143 146
0 144 141
0 144 142
0 144 143
0 144 145
0 144 146
0 144 147
0 145 142
0 145 143
0 145 144
0 145 146
0 145 147
0 145 148
0 146 143
0 146 144
0 146 145
0 146 147
0 146 148
0 146 149
0 147 144
0 147 145
0 147 146
0 147 148
0 147 149
0 147 150
0 148 145
0 148 146
0 148 147
0 148 149
0 148 150
0 148 151
0 149 146
0 149 147
0 149 148
0 149 150
0 149 151
0 149 152
0 150 147
0 150 148
0 150 149
0 150 151
0 150 152
0 150 153
0 151 148
0 151 149
0 151 150
0 151 152
0 151 153
0 151 154
0 152 149
0 152 150
0 152 151
0 152 153
0 152 154
0 152 155
0 153 150
0 153 151
0 153 152
0 153 154
0 153 155
0 153 156
0 154 151
0 154 152
0 154 153
0 154 155
0 154 156
0 154 157
0 155 152
0 155 153
0 155 154
0 155 156
0 155 157
0 155 158
0 156 153
0 156 154
0 156 155
0 156 157
0 156 158
0 156 159
0 157 154
0 157 155
0 157 156
0 157 158
0 157 159
0 157 160
0 158 155
0 158 156
0 158 157
0 158 159
0 158 160
0 158 161
0 159 156
0 159 157
0 159 158
0 159 160
0 159 161
0 159 162
0 160 157
0 160 158
0 160 159
0 160 161
0 160 162
0 160 163
0 161 158
0 161 159
0 161 160
0 161 162
0 161 163
0 161 164
0 162 159
0 162 160
0 162 161
0 162 163
0 162 164
0 162 165
0 163 160
0 163 161
0 163 162
0 163 164
0 163 165
0 163 166
0 164 161
0 164 162
0 164 163
0 164 165
0 164 166
0 164 167
0 165 162
0 165 163
0 165 164
0 165 166
0 165 167
0 165 168
0 166 163
0 166 164
0 166 165
0 166 167
0 166 168
0 166 169
0 167 164
0 167 165
0 167 166
0 167 168
0 167 169
0 167 170
0 168 165
0 168 166
0 168 167
0 168 169
0 168 170
0 168 171
0 169 166
0 169 167
0 169 168
0 169 170
0 169 171
0 169 172
0 170 167
0 170 168
0 170 169
0 170 171
0 170 172
0 170 173
0 171 168
0 171 169
0 171 170
0 171 172
0 171 173
0 171 174
0 172 169
0 172 170
0 172 171
0 172 173
0 172 174
0 172 175
0 173 170
0 173 171
0 173 172
0 173 174
0 173 175
0 173 176
0 174 171
0 174 172
0 174 173
0 174 175
0 174 176
0 174 177
0 175 172
0 175 173
0 175 174
0 175 176
0 175 177
0 175 178
0 176 173
0 176 174
0 176 175
0 176 177
0 176 178
0 176 179
0 177 174
0 177 175
0 177 176
0 177 178
0 177 179
0 177 180
0 178 175
0 178 176
0 178 177
0 178 179
0 178 180
0 178 181
0 179 176
0 179 177
0 179 178
0 179 180
0 179 181
0 179 182
0 180 177
0 180 178
0 180 179
0 180 181
0 180 182
0 180 183
0 181 178
0 181 179
0 181 180
0 181 182
0 181 183
0 181 184
0 182 179
0 182 180
0 182 181
0 182 183
0 182 184
0 182 185
0 183 180
0 183 181
0 183 182
0 183 184
0 183 185
0 183 186
0 184 181
0 184 182
0 184 183
0 184 185
0 184 186
0 184 187
0 185 182
0 185 183
0 185 184
0 185 186
0 185 187
0 185 188
0 186 183
0 186 184
0 186 185
0 186 187
0 186 188
0 186 189
0 187 184
0 187 185
0 187 186
0 187 188
0 187 189
0 187 190
0 188 185
0 188 186
0 188 187
0 188 189
0 188 190
0 188 191
0 189 186
0 189 187
0 189 188
0 189 190
0 189 191
0 189 192
0 190 187
0 190 188
0 190 189
0 190 191
0 190 192
0 190 193
0 191 188
0 191 189
0 191 190
0 191 192
0 191 193
0 191 194
0 192 189
0 192 190
0 192 191
0 192 193
0 192 194
0 192 195
0 193 190
0 193 191
0 193 192
0 193 194
0 193 195
0 193 196
0 194 191
0 194 192
0 194 193
0 194 195
0 194 196
0 194 197
0 195 192
0 195 193
0 195 194
0 195 196
0 195 197
0 195 198
0 196 193
0 196 194
0 196 195
0 197 194
0 197 195
0 197 198
0 197 199
0 197 200
0 198 195
0 198 197
0 198 199
0 198 200
0 198 201
0 199 197
0 199 198
0 199 200
0 199 201
0 199 202
0 200 197
0 200 198
0 200 199
0 200 201
0 200 202
0 200 203
0 201 198
0 201 199
0 201 200
0 201 202
0 201 203
0 201 204
0 202 199
0 202 200
0 202 201
0 202 203
0 202 204
0 202 205
0 203 200
0 203 201
0 203 202
0 203 204
0 203 205
0 203 206
0 204 201
0 204 202
0 204 203
0 204 205
0 204 206
0 204 207
0 205 202
0 205 203
0 205 204
0 205 206
0 205 207
0 205 208
0 206 203
0 206 204
0 206 205
0 206 207
0 206 208
0 206 209
0 207 204
0 207 205
0 207 206
0 207 208
0 207 209
0 207 210
0 208 205
0 208 206
0 208 207
0 208 209
0 208 210
0 208 211
0 209 206
0 209 207
0 209 208
0 209 210
0 209 211
0 209 212
0 210 207
0 210 208
0 210 209
0 210 211
0 210 212
0 210 213
0 211 208
0 211 209
0 211 210
0 211 212
0 211 213
0 211 214
0 212 209
0 212 210
0 212 211
0 213 210
0 213 211
0 213 214
0 213 215
0 213 216
0 214 211
0 214 213
0 214 215
0 214 216
0 214 217
0 215 213
0 215 214
0 215 216
0 215 217
0 215 218
0 216 213
0 216 214
0 216 215
0 216 217
0 216 218
0 216 219
0 217 214
0 217 215
0 217 216
0 217 218
0 217 219
0 217 220
0 218 215
0 218 216
0 218 217
0 218 219
0 218 220
0 218 221
0 219 216
0 219 217
0 219 218
0 219 220
0 219 221
0 219 222
0 220 217
0 220 218
0 220 219
0 220 221
0 220 222
0 220 223
0 221 218
0 221 219
0 221 220
0 221 222
0 221 223
0 221 224
0 222 219
0 222 220
0 222 221
0 222 223
0 222 224
0 222 225
0 223 220
0 223 221
0 223 222
0 223 224
0 223 225
0 223 226
0 224 221
0 224 222
0 224 223
0 224 225
0 224 226
0 224 227
0 225 222
0 225 223
0 225 224
0 225 226
0 225 227
0 225 228
0 226 223
0 226 224
0 226 225
0 226 227
0 226 228
0 226 229
0 227 224
0 227 225
0 227 226
0 227 228
0 227 229
0 227 230
0 228 225
0 228 226
0 228 227
0 228 229
0 228 230
0 228 231
0 229 226
0 229 227
0 229 228
0 229 230
0 229 231
0 229 232
0 230 227
0 230 228
0 230 229
0 230 231
0 230 232
0 230 233
0 231 228
0 231 229
0 231 230
0 231 232
0 231 233
0 231 234
0 232 229
0 232 230
0 232 231
0 232 233
0 232 234
0 232 235
0 233 230
0 233 231
0 233 232
0 233 234
0 233 235
0 233 236
0 234 231
0 234 232
0 234 233
0 234 235
0 234 236
0 234 237
0 235 232
0 235 233
0 235 234
0 235 236
0 235 237
0 235 238
0 236 233
0 236 234
0 236 235
0 236 237
0 236 238
0 236 239
0 237 234
0 237 235
0 237 236
0 237 238
0 237 239
0 237 240
0 238 235
0 238 236
0 238 237
0 238 239
0 238 240
0 238 241
0 239 236
0 239 237
0 239 238
0 239 240
0 239 241
0 239 242
0 240 237
0 240 238
0 240 239
0 240 241
0 240 242
0 240 243
0 241 238
0 241 239
0 241 240
0 241 242
0 241 243
0 241 244
0 242 239
0 242 240
0 242 241
0 242 243
0 242 244
0 242 245
0 243 240
0 243 241
0 243 242
0 243 244
0 243 245
0 243 246
0 244 241
0 244 242
0 244 243
0 244 245
0 244 246
0 244 247
0 245 242
0 245 243
0 245 244
0 245 246
0 245 247
0 245 248
0 246 243
0 246 244
0 246 245
0 246 247
0 246 248
0 246 249
0 247 244
0 247 245
0 247 246
0 247 248
0 247 249
0 247 250
0 248 245
0 248 246
0 248 247
0 248 249
0 248 250
0 248 251
0 249 246
0 249 247
0 249 248
0 249 250
0 249 251
0 249 252
0 250 247
0 250 248
0 250 249
0 250 251
0 250 252
0 250 253
0 251 248
0 251 249
0 251 250
0 251 252
0 251 253
0 251 254
0 252 249
0 252 250
0 252 251
0 252 253
0 252 254
0 252 255
0 253 250
0 253 251
0 253 252
0 253 254
0 253 255
0 253 256
0 254 251
0 254 252
0 254 253
0 254 255
0 254 256
0 254 257
0 255 252
0 255 253
0 255 254
0 255 256
0 255 257
0 255 258
0 256 253
0 256 254
0 256 255
0 256 257
0 256 258
0 256 259
0 257 254
0 257 255
0 257 256
0 257 258
0 257 259
0 257 260
0 258 255
0 258 256
0 258 257
0 258 259
0 258 260
0 258 261
0 259 256
0 259 257
0 259 258
0 259 260
0 259 261
0 259 262
0 260 257
0 260 258
0 260 259
0 260 261
0 260 262
0 260 263
0 261 258
0 261 259
0 261 260
0 261 262
0 261 263
0 261 264
0 262 259
0 262 260
0 262 261
0 262 263
0 262 264
0 262 265
0 263 260
0 263 261
0 263 262
0 263 264
0 263 265
0 263 266
0 264 261
0 264 262
0 264 263
0 264 265
0 264 266
0 264 267
0 265 262
0 265 263
0 265 264
0 265 266
0 265 267
0 265 268
0 266 263
0 266 264
0 266 265
0 266 267
0 266 268
0 266 269
0 267 264
0 267 265
0 267 266
0 267 268
0 267 269
0 267 270
0 268 265
0 268 266
0 268 267
0 268 269
0 268 270
0 268 271
0 269 266
0 269 267
0 269 268
0 269 270
0 269 271
0 269 272
0 270 267
0 270 268
0 270 269
0 270 271
0 270 272
0 270 273
0 271 268
0 271 269
0 271 270
0 271 272
0 271 273
0 271 274
0 272 269
0 272 270
0 272 271
0 272 273
0 272 274
0 272 275
0 273 270
0 273 271
0 273 272
0 273 274
0 273 275
0 273 276
0 274 271
0 274 272
0 274 273
0 274 275
0 274 276
0 274 277
0 275 272
0 275 273
0 275 274
0 275 276
0 275 277
0 275 278
0 276 273
0 276 274
0 276 275
0 277 274
0 277 275
0 277 278
0 277 279
0 277 280
0 278 275
0 278 277
0 278 279
0 278 280
0 278 281
0 279 277
0 279 278
0 279 280
0 279 281
0 279 282
0 280 277
0 280 278
0 280 279
0 280 281
0 280 282
0 280 283
0 281 278
0 281 279
0 281 280
0 281 282
0 281 283
0 281 284
0 282 279
0 282 280
0 282 281
0 282 283
0 282 284
0 282 285
0 283 280
0 283 281
0 283 282
0 283 284
0 283 285
0 283 286
0 284 281
0 284 282
0 284 283
0 285 282
0 285 283
0 285 286
0 285 287
0 285 288
0 286 283
0 286 285
0 286 287
0 286 288
0 286 289
0 287 285
0 287 286
0 287 288
0 287 289
0 287 290
0 288 285
0 288 286
0 288 287
0 288 289
0 288 290
0 288 291
0 289 286
0 289 287
0 289 288
0 289 290
0 289 291
0 289 292
0 290 287
0 290 288
0 290 289
0 290 291
0 290 292
0 290 293
0 291 288
0 291 289
0 291 290
0 291 292
0 291 293
0 291 294
0 292 289
0 292 290
0 292 291
0 292 293
0 292 294
0 292 295
0 293 290
0 293 291
0 293 292
0 294 291
0 294 292
0 294 295
0 294 296
0 294 297
0 295 292
0 295 294
0 295 296
0 295 297
0 295 298
0 296 294
0 296 295
0 296 297
0 296 298
0 296 299
0 297 294
0 297 295
0 297 296
0 297 298
0 297 299
0 297 300
0 298 295
0 298 296
0 298 297
0 298 299
0 298 300
0 298 301
0 299 296
0 299 297
0 299 298
0 299 300
0 299 301
0 299 302
0 300 297
0 300 298
0 300 299
0 300 301
0 300 302
0 300 303
0 301 298
0 301 299
0 301 300
0 301 302
0 301 303
0 301 304
0 302 299
0 302 300
0 302 301
0 302 303
0 302 304
0 302 305
0 303 300
0 303 301
0 303 302
0 303 304
0 303 305
0 303 306
0 304 301
0 304 302
0 304 303
0 304 305
0 304 306
0 304 307
0 305 302
0 305 303
0 305 304
0 305 306
0 305 307
0 305 308
0 306 303
0 306 304
0 306 305
0 306 307
0 306 308
0 306 309
0 307 304
0 307 305
0 307 306
0 307 308
0 307 309
0 307 310
0 308 305
0 308 306
0 308 307
0 308 309
0 308 310
0 308 311
0 309 306
0 309 307
0 309 308
0 309 310
0 309 311
0 309 312
0 310 307
0 310 308
0 310 309
0 310 311
0 310 312
0 310 313
0 311 308
0 311 309
0 311 310
0 311 312
0 311 313
0 311 314
0 312 309
0 312 310
0 312 311
0 312 313
0 312 314
0 312 315
0 313 310
0 313 311
0 313 312
0 313 314
0 313 315
0 313 316
0 314 311
0 314 312
0 314 313
0 314 315
0 314 316
0 314 317
0 315 312
0 315 313
0 315 314
0 315 316
0 315 317
0 315 318
0 316 313
0 316 314
0 316 315
0 317 314
0 317 315
0 317 318
0 317 319
0 317 320
0 318 315
0 318 317
0 318 319
0 318 320
0 318 321
0 319 317
0 319 318
0 319 320
0 319 321
0 319 322
0 320 317
0 320 318
0 320 319
0 320 321
0 320 322
0 320 323
0 321 318
0 321 319
0 321 320
0 321 322
0 321 323
0 321 324
0 322 319
0 322 320
0 322 321
0 322 323
0 322 324
0 322 325
0 323 320
0 323 321
0 323 322
0 324 321
0 324 322
0 324 325
0 324 326
0 324 327
0 325 322
0 325 324
0 325 326
0 325 327
0 325 328
0 326 324
0 326 325
0 327 324
0 327 325
0 327 328
0 327 329
0 327 330
0 328 325
0 328 327
0 328 329
0 328 330
0 328 331
0 329 327
0 329 328
0 330 327
0 330 328
0 330 331
0 330 332
0 330 333
0 331 328
0 331 330
0 331 332
0 331 333
0 331 334
0 332 330
0 332 331
0 332 333
0 332 334
0 332 335
0 333 330
0 333 331
0 333 332
0 333 334
0 333 335
0 333 336
0 334 331
0 334 332
0 334 333
0 334 335
0 334 336
0 334 337
0 335 332
0 335 333
0 335 334
0 336 333
0 336 334
0 336 337
0 336 338
0 336 339
0 337 334
0 337 336
0 337 338
0 337 339
0 337 340
0 338 336
0 338 337
0 339 336
0 339 337
0 339 340
0 339 341
0 339 342
0 340 337
0 340 339
0 340 341
0 340 342
0 340 343
0 341 339
0 341 340
0 342 339
0 342 340
0 342 343
0 342 344
0 342 345
0 343 340
0 343 342
0 343 344
0 343 345
0 343 346
0 344 342
0 344 343
0 344 345
0 344 346
0 344 347
0 345 342
0 345 343
0 345 344
0 345 346
0 345 347
0 345 348
0 346 343
0 346 344
0 346 345
0 346 347
0 346 348
0 346 349
0 347 344
0 347 345
0 347 346
0 347 348
0 347 349
0 347 350
0 348 345
0 348 346
0 348 347
0 348 349
0 348 350
0 348 351
0 349 346
0 349 347
0 349 348
0 349 350
0 349 351
0 349 352
0 350 347
0 350 348
0 350 349
0 350 351
0 350 352
0 350 353
0 351 348
0 351 349
0 351 350
0 351 352
0 351 353
0 351 354
0 352 349
0 352 350
0 352 351
0 352 353
0 352 354
0 352 355
0 353 350
0 353 351
0 353 352
0 353 354
0 353 355
0 353 356
0 354 351
0 354 352
0 354 353
0 354 355
0 354 356
0 354 357
0 355 352
0 355 353
0 355 354
0 355 356
0 355 357
0 355 358
0 356 353
0 356 354
0 356 355
0 356 357
0 356 358
0 356 359
0 357 354
0 357 355
0 357 356
0 357 358
0 357 359
0 357 360
0 358 355
0 358 356
0 358 357
0 358 359
0 358 360
0 358 361
0 359 356
0 359 357
0 359 358
0 359 360
0 359 361
0 359 362
0 360 357
0 360 358
0 360 359
0 360 361
0 360 362
0 360 363
0 361 358
0 361 359
0 361 360
0 361 362
0 361 363
0 361 364
0 362 359
0 362 360
0 362 361
0 362 363
0 362 364
0 362 365
0 363 360
0 363 361
0 363 362
0 363 364
0 363 365
0 363 366
0 364 361
0 364 362
0 364 363
0 364 365
0 364 366
0 364 367
0 365 362
0 365 363
0 365 364
0 365 366
0 365 367
0 365 368
0 366 363
0 366 364
0 366 365
0 366 367
0 366 368
0 366 369
0 367 364
0 367 365
0 367 366
0 367 368
0 367 369
0 367 370
0 368 365
0 368 366
0 368 367
0 368 369
0 368 370
0 368 371
0 369 366
0 369 367
0 369 368
0 369 370
0 369 371
0 369 372
0 370 367
0 370 368
0 370 369
0 370 371
0 370 372
0 370 373
0 371 368
0 371 369
0 371 370
0 372 369
0 372 370
0 372 373
0 372 374
0 372 375
0 373 370
0 373 372
0 373 374
0 373 375
0 373 376
0 374 372
0 374 373
0 374 375
0 374 376
0 374 377
0 375 372
0 375 373
0 375 374
0 375 376
0 375 377
0 375 378
0 376 373
0 376 374
0 376 375
0 376 377
0 376 378
0 376 379
0 377 374
0 377 375
0 377 376
0 377 378
0 377 379
0 377 380
0 378 375
0 378 376
0 378 377
0 378 379
0 378 380
0 378 381
0 379 376
0 379 377
0 379 378
0 379 380
0 379 381
0 379 382
0 380 377
0 380 378
0 380 379
0 380 381
0 380 382
0 380 383
0 381 378
0 381 379
0 381 380
0 381 382
0 381 383
0 381 384
0 382 379
0 382 380
0 382 381
0 382 383
0 382 384
0 382 385
0 383 380
0 383 381
0 383 382
0 383 384
0 383 385
0 383 386
0 384 381
0 384 382
0 384 383
0 384 385
0 384 386
0 384 387
0 385 382
0 385 383
0 385 384
0 385 386
0 385 387
0 385 388
0 386 383
0 386 384
0 386 385
0 387 384
0 387 385
0 387 388
0 387 389
0 387 390
0 388 385
0 388 387
0 388 389
0 388 390
0 388 391
0 389 387
0 389 388
0 390 387
0 390 388
0 390 391
0 390 392
0 390 393
0 391 388
0 391 390
0 391 392
0 391 393
0 391 394
0 392 390
0 392 391
0 392 393
0 392 394
0 392 395
0 393 390
0 393 391
0 393 392
0 393 394
0 393 395
0 393 396
0 394 391
0 394 392
0 394 393
0 394 395
0 394 396
0 394 397
0 395 392
0 395 393
0 395 394
0 395 396
0 395 397
0 395 398
0 396 393
0 396 394
0 396 395
0 396 397
0 396 398
0 396 399
0 397 394
0 397 395
0 397 396
0 397 398
0 397 399
0 397 400
0 398 395
0 398 396
0 398 397
0 398 399
0 398 400
0 398 401
0 399 396
0 399 397
0 399 398
0 399 400
0 399 401
0 399 402
0 400 397
0 400 398
0 400 399
0 400 401
0 400 402
0 400 403
0 401 398
0 401 399
0 401 400
0 402 399
0 402 400
0 402 403
0 402 404
0 402 405
0 403 400
0 403 402
0 403 404
0 403 405
0 403 406
0 404 402
0 404 403
0 404 405
0 404 406
0 404 407
0 405 402
0 405 403
0 405 404
0 405 406
0 405 407
0 405 408
0 406 403
0 406 404
0 406 405
0 406 407
0 406 408
0 406 409
0 407 404
0 407 405
0 407 406
0 408 405
0 408 406
0 408 409
0 408 410
0 408 411
0 409 406
0 409 408
0 409 410
0 409 411
0 409 412
0 410 408
0 410 409
0 411 408
0 411 409
0 411 412
0 411 413
0 411 414
0 412 409
0 412 411
0 412 413
0 412 414
0 412 415
0 413 411
0 413 412
0 413 414
0 413 415
0 413 416
0 414 411
0 414 412
0 414 413
0 414 415
0 414 416
0 414 417
0 415 412
0 415 413
0 415 414
0 415 416
0 415 417
0 415 418
0 416 413
0 416 414
0 416 415
0 417 414
0 417 415
0 417 418
0 417 419
0 417 420
0 418 415
0 418 417
0 418 419
0 418 420
0 418 421
0 419 417
0 419 418
0 419 420
0 419 421
0 419 422
0 420 417
0 420 418
0 420 419
0 420 421
0 420 422
0 420 423
0 421 418
0 421 419
0 421 420
0 421 422
0 421 423
0 421 424
0 422 419
0 422 420
0 422 421
0 422 423
0 422 424
0 422 425
0 423 420
0 423 421
0 423 422
0 423 424
0 423 425
0 423 426
0 424 421
0 424 422
0 424 423
0 424 425
0 424 426
0 424 427
0 425 422
0 425 423
0 425 424
0 426 423
0 426 424
0 426 427
0 426 428
0 426 429
0 427 424
0 427 426
0 428 426
0 428 429
0 428 430
0 428 431
0 429 426
0 429 428
0 430 428
0 430 431
0 430 432
0 430 433
0 431 428
0 431 430
0 431 432
0 431 433
0 431 434
0 432 430
0 432 431
0 432 433
0 432 434
0 432 435
0 433 430
0 433 431
0 433 432
0 433 434
0 433 435
0 433 436
0 434 431
0 434 432
0 434 433
0 434 435
0 434 436
0 434 437
0 435 432
0 435 433
0 435 434
0 435 436
0 435 437
0 435 438
0 436 433
0 436 434
0 436 435
0 436 437
0 436 438
0 436 439
0 437 434
0 437 435
0 437 436
0 437 438
0 437 439
0 437 440
0 438 435
0 438 436
0 438 437
0 438 439
0 438 440
0 438 441
0 439 436
0 439 437
0 439 438
0 439 440
0 439 441
0 439 442
0 440 437
0 440 438
0 440 439
0 441 438
0 441 439
0 441 442
0 441 443
0 441 444
0 442 439
0 442 441
0 442 443
0 442 444
0 442 445
0 443 441
0 443 442
0 443 444
0 443 445
0 443 446
0 444 441
0 444 442
0 444 443
0 444 445
0 444 446
0 444 447
0 445 442
0 445 443
0 445 444
0 445 446
0 445 447
0 445 448
0 446 443
0 446 444
0 446 445
0 446 447
0 446 448
0 446 449
0 447 444
0 447 445
0 447 446
0 447 448
0 447 449
0 447 450
0 448 445
0 448 446
0 448 447
0 448 449
0 448 450
0 448 451
0 449 446
0 449 447
0 449 448
0 449 450
0 449 451
0 449 452
0 450 447
0 450 448
0 450 449
0 450 451
0 450 452
0 450 453
0 451 448
0 451 449
0 451 450
0 451 452
0 451 453
0 451 454
0 452 449
0 452 450
0 452 451
0 452 453
0 452 454
0 452 455
0 453 450
0 453 451
0 453 452
0 453 454
0 453 455
0 453 456
0 454 451
0 454 452
0 454 453
0 454 455
0 454 456
0 454 457
0 455 452
0 455 453
0 455 454
0 455 456
0 455 457
0 455 458
0 456 453
0 456 454
0 456 455
0 456 457
0 456 458
0 456 459
0 457 454
0 457 455
0 457 456
0 457 458
0 457 459
0 457 460
0 458 455
0 458 456
0 458 457
0 458 459
0 458 460
0 458 461
0 459 456
0 459 457
0 459 458
0 459 460
0 459 461
0 459 462
0 460 457
0 460 458
0 460 459
0 460 461
0 460 462
0 460 463
0 461 458
0 461 459
0 461 460
0 462 459
0 462 460
0 462 463
0 462 464
0 462 465
0 463 460
0 463 462
0 463 464
0 463 465
0 463 466
0 464 462
0 464 463
0 465 462
0 465 463
0 465 466
0 465 467
0 465 468
0 466 463
0 466 465
0 466 467
0 466 468
0 466 469
0 467 465
0 467 466
0 467 468
0 467 469
0 467 470
0 468 465
0 468 466
0 468 467
0 468 469
0 468 470
0 468 471
0 469 466
0 469 467
0 469 468
0 469 470
0 469 471
0 469 472
0 470 467
0 470 468
0 470 469
0 470 471
0 470 472
0 470 473
0 471 468
0 471 469
0 471 470
0 472 469
0 472 470
0 472 473
0 472 474
0 472 475
0 473 470
0 473 472
0 473 474
0 473 475
0 473 476
0 474 472
0 474 473
0 475 472
0 475 473
0 475 476
0 475 477
0 475 478
0 476 473
0 476 475
0 477 475
0 477 478
0 477 479
0 477 480
0 478 475
0 478 477
0 478 479
0 478 480
0 478 481
0 479 477
0 479 478
0 480 477
0 480 478
0 480 481
0 480 482
0 480 483
0 481 478
0 481 480
0 481 482
0 481 483
0 481 484
0 482 480
0 482 481
0 483 480
0 483 481
0 483 484
0 483 485
0 483 486
0 484 481
0 484 483
0 484 485
0 484 486
0 484 487
0 485 483
0 485 484
0 486 483
0 486 484
0 486 487
0 486 488
0 486 489
0 487 484
0 487 486
0 487 488
0 487 489
0 487 490
0 488 486
0 488 487
0 488 489
0 488 490
0 488 491
0 489 486
0 489 487
0 489 488
0 489 490
0 489 491
0 489 492
0 490 487
0 490 488
0 490 489
0 490 491
0 490 492
0 490 493
0 491 488
0 491 489
0 491 490
0 491 492
0 491 493
0 491 494
0 492 489
0 492 490
0 492 491
0 492 493
0 492 494
0 492 495
0 493 490
0 493 491
0 493 492
0 493 494
0 493 495
0 493 496
0 494 491
0 494 492
0 494 493
0 494 495
0 494 496
0 494 497
0 495 492
0 495 493
0 495 494
0 495 496
0 495 497
0 495 498
0 496 493
0 496 494
0 496 495
0 496 497
0 496 498
0 496 499
0 497 494
0 497 495
0 497 496
0 497 498
0 497 499
0 497 500
0 498 495
0 498 496
0 498 497
0 498 499
0 498 500
0 498 501
0 499 496
0 499 497
0 499 498
0 499 500
0 499 501
0 499 502
0 500 497
0 500 498
0 500 499
0 500 501
0 500 502
0 500 503
0 501 498
0 501 499
0 501 500
0 501 502
0 501 503
0 501 504
0 502 499
0 502 500
0 502 501
0 502 503
0 502 504
0 502 505
0 503 500
0 503 501
0 503 502
0 503 504
0 503 505
0 503 506
0 504 501
0 504 502
0 504 503
0 504 505
0 504 506
0 504 507
0 505 502
0 505 503
0 505 504
0 505 506
0 505 507
0 505 508
0 506 503
0 506 504
0 506 505
0 507 504
0 507 505
0 507 508
0 507 509
0 507 510
0 508 505
0 508 507
0 508 509
0 508 510
0 508 511
0 509 507
0 509 508
0 510 507
0 510 508
0 510 511
0 510 512
0 510 513
0 511 508
0 511 510
0 511 512
0 511 513
0 511 514
0 512 510
0 512 511
0 512 513
0 512 514
0 512 515
0 513 510
0 513 511
0 513 512
0 513 514
0 513 515
0 513 516
0 514 511
0 514 512
0 514 513
0 514 515
0 514 516
0 514 517
0 515 512
0 515 513
0 515 514
0 515 516
0 515 517
0 515 518
0 516 513
0 516 514
0 516 515
0 516 517
0 516 518
0 516 519
0 517 514
0 517 515
0 517 516
0 518 515
0 518 516
0 518 519
0 518 520
0 518 521
0 519 516
0 519 518
0 519 520
0 519 521
0 519 522
0 520 518
0 520 519
0 520 521
0 520 522
0 520 523
0 521 518
0 521 519
0 521 520
0 521 522
0 521 523
0 521 524
0 522 519
0 522 520
0 522 521
0 523 520
0 523 521
0 523 524
0 523 525
0 523 526
0 524 521
0 524 523
0 524 525
0 524 526
0 524 527
0 525 523
0 525 524
0 526 523
0 526 524
0 526 527
0 526 528
0 526 529
0 527 524
0 527 526
0 528 526
0 529 526
0 529 530
0 529 531
0 529 532
0 530 529
0 530 531
0 530 532
0 530 533
0 531 529
0 531 530
0 532 529
0 532 530
0 532 533
0 532 534
0 532 535
0 533 530
0 533 532
0 533 534
0 533 535
0 533 536
0 534 532
0 534 533
0 534 535
0 534 536
0 534 537
0 535 532
0 535 533
0 535 534
0 535 536
0 535 537
0 535 538
0 536 533
0 536 534
0 536 535
0 536 537
0 536 538
0 536 539
0 537 534
0 537 535
0 537 536
0 537 538
0 537 539
0 537 540
0 538 535
0 538 536
0 538 537
0 538 539
0 538 540
0 538 541
0 539 536
0 539 537
0 539 538
0 539 540
0 539 541
0 539 542
0 540 537
0 540 538
0 540 539
0 540 541
0 540 542
0 540 543
0 541 538
0 541 539
0 541 540
0 541 542
0 541 543
0 541 544
0 542 539
0 542 540
0 542 541
0 542 543
0 542 544
0 542 545
0 543 540
0 543 541
0 543 542
0 543 544
0 543 545
0 543 546
0 544 541
0 544 542
0 544 543
0 544 545
0 544 546
0 544 547
0 545 542
0 545 543
0 545 544
0 545 546
0 545 547
0 545 548
0 546 543
0 546 544
0 546 545
0 546 547
0 546 548
0 546 549
0 547 544
0 547 545
0 547 546
0 548 545
0 548 546
0 549 546
0 549 550
0 549 551
0 549 552
0 550 549
0 550 551
0 550 552
0 550 553
0 551 549
0 551 550
0 552 549
0 552 550
0 552 553
0 552 554
0 552 555
0 553 550
0 553 552
0 553 554
0 553 555
0 553 556
0 554 552
0 554 553
0 555 552
0 555 553
0 556 553
0 556 557
0 556 558
0 556 559
0 557 556
0 557 558
0 557 559
0 557 560
0 558 556
0 558 557
0 559 556
0 559 557
0 559 560
0 559 561
0 559 562
0 560 557
0 560 559
0 560 561
0 560 562
0 560 563
0 561 559
0 561 560
0 562 559
0 562 560
0 562 563
0 562 564
0 562 565
0 563 560
0 563 562
0 563 564
0 563 565
0 563 566
0 564 562
0 564 563
0 565 562
0 565 563
0 565 566
0 565 567
0 565 568
0 566 563
0 566 565
0 566 567
0 566 568
0 566 569
0 567 565
0 567 566
0 567 568
0 567 569
0 567 570
0 568 565
0 568 566
0 568 567
0 569 566
0 569 567
0 569 570
0 569 571
0 569 572
0 570 567
0 570 569
0 571 569
0 572 569
0 574 575
0 574 576
0 574 577
0 575 574
0 576 574
0 576 577
0 576 578
0 576 579
0 577 574
0 577 576
0 577 578
0 577 579
0 577 580
0 578 576
0 578 577
0 579 576
0 579 577
0 579 580
0 579 581
0 579 582
0 580 577
0 580 579
0 580 581
0 580 582
0 580 583
0 581 579
0 581 580
0 582 579
0 582 580
0 582 583
0 582 584
0 582 585
0 583 580
0 583 582
0 583 584
0 583 585
0 583 586
0 584 582
0 584 583
0 585 582
0 585 583
0 585 586
0 585 587
0 585 588
0 586 583
0 586 585
0 587 585
0 587 588
0 587 589
0 587 590
0 588 585
0 588 587
0 589 587
0 590 587
0 590 591
0 590 592
0 590 593
0 591 590
0 591 592
0 591 593
0 591 594
0 592 590
0 592 591
0 593 590
0 593 591
0 593 594
0 593 595
0 593 596
0 594 591
0 594 593
0 594 595
0 594 596
0 594 597
0 595 593
0 595 594
0 596 593
0 596 594
0 596 597
0 596 598
0 596 599
0 597 594
0 597 596
0 597 598
0 597 599
0 597 600
0 598 596
0 598 597
0 599 596
0 599 597
0 600 597
0 600 601
0 600 602
0 600 603
0 601 600
0 602 600
0 602 603
0 602 604
0 602 605
0 603 600
0 603 602
0 603 604
0 603 605
0 603 606
0 604 602
0 604 603
0 605 602
0 605 603
0 605 606
0 605 607
0 605 608
0 606 603
0 606 605
0 606 607
0 606 608
0 606 609
0 607 605
0 607 606
0 608 605
0 608 606
0 609 606
0 609 610
0 609 611
0 609 612
0 610 609
0 610 611
0 610 612
0 610 613
0 611 609
0 611 610
0 611 612
0 611 613
0 611 614
0 612 609
0 612 610
0 612 611
0 613 610
0 613 611
0 614 611
0 614 615
0 614 616
0 614 617
0 615 614
0 615 616
0 615 617
0 615 618
0 616 614
0 616 615
0 616 617
0 616 618
0 616 619
0 617 614
0 617 615
0 617 616
0 618 615
0 618 616
0 618 619
0 618 620
0 618 621
0 619 616
0 619 618
0 619 620
0 619 621
0 619 622
0 620 618
0 620 619
0 620 621
0 620 622
0 620 623
0 621 618
0 621 619
0 621 620
0 621 622
0 621 623
0 621 624
0 622 619
0 622 620
0 622 621
0 622 623
0 622 624
0 622 625
0 623 620
0 623 621
0 623 622
0 623 624
0 623 625
0 623 626
0 624 621
0 624 622
0 624 623
0 624 625
0 624 626
0 624 627
0 625 622
0 625 623
0 625 624
0 625 626
0 625 627
0 625 628
0 626 623
0 626 624
0 626 625
0 627 624
0 627 625
0 628 625
0 628 629
0 628 630
0 628 631
0 629 628
0 630 628
0 631 628
0 631 632
0 631 633
0 631 634
0 632 631
0 633 631
0 634 631
0 634 635
0 634 636
0 634 637
0 635 634
0 635 636
0 635 637
0 635 638
0 636 634
0 636 635
0 636 637
0 636 638
0 636 639
0 637 634
0 637 635
0 637 636
0 638 635
0 638 636
0 639 636
0 639 640
0 639 641
0 639 642
0 640 639
0 641 639
0 641 642
0 641 643
0 641 644
0 642 639
0 642 641
0 642 643
0 642 644
0 642 645
0 643 641
0 643 642
0 644 641
0 644 642
0 644 645
0 644 646
0 644 647
0 645 642
0 645 644
0 646 644
0 646 647
0 646 648
0 646 649
0 647 644
0 647 646
0 647 648
0 647 649
0 647 650
0 648 646
0 648 647
0 649 646
0 649 647
0 649 650
0 649 651
0 649 652
0 650 647
0 650 649
0 650 651
0 650 652
0 650 653
0 651 649
0 651 650
0 652 649
0 652 650
0 652 653
0 652 654
0 652 655
0 653 650
0 653 652
0 653 654
0 653 655
0 653 656
0 654 652
0 654 653
0 654 655
0 654 656
0 654 657
0 655 652
0 655 653
0 655 654
0 655 656
0 655 657
0 655 658
0 656 653
0 656 654
0 656 655
0 656 657
0 656 658
0 656 659
0 657 654
0 657 655
0 657 656
0 657 658
0 657 659
0 657 660
0 658 655
0 658 656
0 658 657
0 659 656
0 659 657
0 659 660
0 659 661
0 659 662
0 660 657
0 660 659
0 661 659
0 661 662
0 661 663
0 661 664
0 662 659
0 662 661
0 662 663
0 662 664
0 662 665
0 663 661
0 663 662
0 664 661
0 664 662
0 664 665
0 664 666
0 664 667
0 665 662
0 665 664
0 666 664
0 667 664
0 668 669
0 668 670
0 668 671
0 669 668
0 669 670
0 669 671
0 669 672
0 670 668
0 670 669
0 670 671
0 670 672
0 670 673
0 671 668
0 671 669
0 671 670
0 672 669
0 672 670
0 673 670
0 674 675
0 674 676
0 674 677
0 675 674
0 675 676
0 675 677
0 675 678
0 676 674
0 676 675
0 677 674
0 677 675
0 677 678
0 677 679
0 677 680
0 678 675
0 678 677
0 679 677
0 679 680
0 679 681
0 679 682
0 680 677
0 680 679
0 680 681
0 680 682
0 680 683
0 681 679
0 681 680
0 681 682
0 681 683
0 681 684
0 682 679
0 682 680
0 682 681
0 683 680
0 683 681
0 683 684
0 683 685
0 683 686
0 684 681
0 684 683
0 685 683
0 685 686
0 685 687
0 685 688
0 686 683
0 686 685
0 687 685
0 687 688
0 687 689
0 687 690
0 688 685
0 688 687
0 689 687
0 689 690
0 689 691
0 689 692
0 690 687
0 690 689
0 690 691
0 690 692
0 690 693
0 691 689
0 691 690
0 691 692
0 691 693
0 691 694
0 692 689
0 692 690
0 692 691
0 692 693
0 692 694
0 692 695
0 693 690
0 693 691
0 693 692
0 694 691
0 694 692
0 694 695
0 694 696
0 694 697
0 695 692
0 695 694
0 695 696
0 695 697
0 695 698
0 696 694
0 696 695
0 696 697
0 696 698
0 696 699
0 697 694
0 697 695
0 697 696
0 697 698
0 697 699
0 697 700
0 698 695
0 698 696
0 698 697
0 699 696
0 699 697
0 699 700
0 699 701
0 699 702
0 700 697
0 700 699
0 701 699
0 701 702
0 701 703
0 701 704
0 702 699
0 702 701
0 702 703
0 702 704
0 702 705
0 703 701
0 703 702
0 704 701
0 704 702
0 704 705
0 704 706
0 704 707
0 705 702
0 705 704
0 705 706
0 705 707
0 705 708
0 706 704
0 706 705
0 707 704
0 707 705
0 707 708
0 707 709
0 707 710
0 708 705
0 708 707
0 709 707
0 709 710
0 709 711
0 709 712
0 710 707
0 710 709
0 710 711
0 710 712
0 710 713
0 711 709
0 711 710
0 711 712
0 711 713
0 711 714
0 712 709
0 712 710
0 712 711
0 712 713
0 712 714
0 712 715
0 713 710
0 713 711
0 713 712
0 713 714
0 713 715
0 713 716
0 714 711
0 714 712
0 714 713
0 715 712
0 715 713
0 715 716
0 715 717
0 715 718
0 716 713
0 716 715
0 716 717
0 716 718
0 716 719
0 717 715
0 717 716
0 717 718
0 717 719
0 717 720
0 718 715
0 718 716
0 718 717
0 718 719
0 718 720
0 718 721
0 719 716
0 719 717
0 719 718
0 719 720
0 719 721
0 719 722
0 720 717
0 720 718
0 720 719
0 720 721
0 720 722
0 720 723
0 721 718
0 721 719
0 721 720
0 722 719
0 722 720
0 722 723
0 722 724
0 722 725
0 723 720
0 723 722
0 723 724
0 723 725
0 723 726
0 724 722
0 724 723
0 724 725
0 724 726
0 724 727
0 725 722
0 725 723
0 725 724
0 725 726
0 725 727
0 725 728
0 726 723
0 726 724
0 726 725
0 726 727
0 726 728
0 726 729
0 727 724
0 727 725
0 727 726
0 727 728
0 727 729
0 727 730
0 728 725
0 728 726
0 728 727
0 728 729
0 728 730
0 728 731
0 729 726
0 729 727
0 729 728
0 729 730
0 729 731
0 729 732
0 730 727
0 730 728
0 730 729
0 731 728
0 731 729
0 731 732
0 731 733
0 731 734
0 732 729
0 732 731
0 732 733
0 732 734
0 732 735
0 733 731
0 733 732
0 733 734
0 733 735
0 733 736
0 734 731
0 734 732
0 734 733
0 734 735
0 734 736
0 734 737
0 735 732
0 735 733
0 735 734
0 736 733
0 736 734
0 736 737
0 736 738
0 736 739
0 737 734
0 737 736
0 738 736
0 739 736
0 742 743
0 742 744
0 742 745
0 743 742
0 743 744
0 743 745
0 743 746
0 744 742
0 744 743
0 745 742
0 745 743
0 745 746
0 745 747
0 745 748
0 746 743
0 746 745
0 746 747
0 746 748
0 746 749
0 747 745
0 747 746
0 748 745
0 748 746
0 748 749
0 748 750
0 748 751
0 749 746
0 749 748
0 750 748
0 751 748
0 754 755
0 754 756
0 754 757
0 755 754
0 756 754
0 757 754
0 759 760
0 759 761
0 759 762
0 760 759
0 761 759
0 762 759
0 762 763
0 762 764
0 762 765
0 763 762
0 764 762
0 764 765
0 764 766
0 764 767
0 765 762
0 765 764
0 766 764
0 766 767
0 766 768
0 766 769
0 767 764
0 767 766
0 767 768
0 767 769
0 767 770
0 768 766
0 768 767
0 768 769
0 768 770
0 768 771
0 769 766
0 769 767
0 769 768
0 769 770
0 769 771
0 769 772
0 770 767
0 770 768
0 770 769
0 771 768
0 771 769
0 771 772
0 771 773
0 771 774
0 772 769
0 772 771
0 773 771
0 773 774
0 773 775
0 773 776
0 774 771
0 774 773
0 774 775
0 774 776
0 774 777
0 775 773
0 775 774
0 776 773
0 776 774
0 777 774
0 778 779
0 778 780
0 778 781
0 779 778
0 780 778
0 781 778
0 785 786
0 785 787
0 785 788
0 786 785
0 787 785
0 788 785
0 788 789
0 788 790
0 788 791
0 789 788
0 790 788
0 790 791
0 790 792
0 790 793
0 791 788
0 791 790
0 792 790
0 793 790
0 798 799
0 798 800
0 798 801
0 799 798
0 800 798
0 801 798
0 801 802
0 801 803
0 801 804
0 802 801
0 803 801
0 804 801
0 804 805
0 804 806
0 804 807
0 805 804
0 806 804
0 807 804
0 809 810
0 809 811
0 809 812
0 810 809
0 810 811
0 810 812
0 810 813
0 811 809
0 811 810
0 812 809
0 812 810
0 812 813
0 812 814
0 812 815
0 813 810
0 813 812
0 814 812
0 815 812
0 828 829
0 828 830
0 828 831
0 829 828
0 830 828
0 831 828
0 832 833
0 832 834
0 832 835
0 833 832
0 834 832
0 835 832
0 842 843
0 842 844
0 842 845
0 843 842
0 844 842
0 844 845
0 844 846
0 844 847
0 845 842
0 845 844
0 846 844
0 847 844
0 847 848
0 847 849
0 847 850
0 848 847
0 849 847
0 849 850
0 849 851
0 849 852
0 850 847
0 850 849
0 851 849
0 851 852
0 851 853
0 851 854
0 852 849
0 852 851
0 853 851
0 854 851
0 897 898
0 897 899
0 897 900
0 898 897
0 899 897
0 900 897
0 904 905
0 904 906
0 904 907
0 905 904
0 906 904
0 907 904
0 925 926
0 925 927
0 925 928
0 926 925
0 927 925
0 928 925
0 953 954
0 953 955
0 953 956
0 954 953
0 955 953
0 956 953
1 1 1
1 2 0
1 2 2
1 3 0
1 3 3
1 4 4
1 5 5
1 6 6
1 7 7
1 8 8
1 9 9
1 10 10
1 11 11
1 12 12
1 13 13
1 14 14
1 15 15
1 16 16
1 17 17
1 18 18
1 19 19
1 20 20
1 21 21
1 22 22
1 23 23
1 24 24
1 25 25
1 26 26
1 27 27
1 28 28
1 29 29
1 30 30
1 31 31
1 32 32
1 33 33
1 34 34
1 35 35
1 36 36
1 37 37
1 38 38
1 39 39
1 40 40
1 41 41
1 42 42
1 43 43
1 44 44
1 45 45
1 46 46
1 47 47
1 48 48
1 49 49
1 50 50
1 51 51
1 52 52
1 53 53
1 54 54
1 55 55
1 56 56
1 57 57
1 58 58
1 59 59
1 60 60
1 61 61
1 62 62
1 63 63
1 64 64
1 65 65
1 66 66
1 67 67
1 68 68
1 69 69
1 70 70
1 71 71
1 72 72
1 73 73
1 74 74
1 75 75
1 76 76
1 77 77
1 78 78
1 79 79
1 80 80
1 81 81
1 82 82
1 83 83
1 84 84
1 85 85
1 86 86
1 87 87
1 88 88
1 89 89
1 90 90
1 91 91
1 92 92
1 93 93
1 94 94
1 95 95
1 96 96
1 97 97
1 98 98
1 99 99
1 100 100
1 101 101
1 102 102
1 103 103
1 104 104
1 105 105
1 106 106
1 107 107
1 108 108
1 109 109
1 110 110
1 111 111
1 112 112
1 113 113
1 114 114
1 115 115
1 116 116
1 117 117
1 118 118
1 119 119
1 120 120
1 121 121
1 122 122
1 123 123
1 124 124
1 125 125
1 126 126
1 127 127
1 128 128
1 129 129
1 130 130
1 131 131
1 132 132
1 133 133
1 134 134
1 135 135
1 136 136
1 137 137
1 138 138
1 139 139
1 140 140
1 141 141
1 142 142
1 143 143
1 144 144
1 145 145
1 146 146
1 147 147
1 148 148
1 149 149
1 150 150
1 151 151
1 152 152
1 153 153
1 154 154
1 155 155
1 156 156
1 157 157
1 158 158
1 159 159
1 160 160
1 161 161
1 162 162
1 163 163
1 164 164
1 165 165
1 166 166
1 167 167
1 168 168
1 169 169
1 170 170
1 171 171
1 172 172
1 173 173
1 174 174
1 175 175
1 176 176
1 177 177
1 178 178
1 179 179
1 180 180
1 181 181
1 182 182
1 183 183
1 184 184
1 185 185
1 186 186
1 187 187
1 188 188
1 189 189
1 190 190
1 191 191
1 192 192
1 193 193
1 194 194
1 195 195
1 197 197
1 198 198
1 199 199
1 200 200
1 201 201
1 202 202
1 203 203
1 204 204
1 205 205
1 206 206
1 207 207
1 208 208
1 209 209
1 210 210
1 211 211
1 213 213
1 214 214
1 215 215
1 216 216
1 217 217
1 218 218
1 219 219
1 220 220
1 221 221
1 222 222
1 223 223
1 224 224
1 225 225
1 226 226
1 227 227
1 228 228
1 229 229
1 230 230
1 231 231
1 232 232
1 233 233
1 234 234
1 235 235
1 236 236
1 237 237
1 238 238
1 239 239
1 240 240
1 241 241
1 242 242
1 243 243
1 244 244
1 245 245
1 246 246
1 247 247
1 248 248
1 249 249
1 250 250
1 251 251
1 252 252
1 253 253
1 254 254
1 255 255
1 256 256
1 257 257
1 258 258
1 259 259
1 260 260
1 261 261
1 262 262
1 263 263
1 264 264
1 265 265
1 266 266
1 267 267
1 268 268
1 269 269
1 270 270
1 271 271
1 272 272
1 273 273
1 274 274
1 275 275
1 277 277
1 278 278
1 279 279
1 280 280
1 281 281
1 282 282
1 283 283
1 285 285
1 286 286
1 287 287
1 288 288
1 289 289
1 290 290
1 291 291
1 292 292
1 294 294
1 295 295
1 296 296
1 297 297
1 298 298
1 299 299
1 300 300
1 301 301
1 302 302
1 303 303
1 304 304
1 305 305
1 306 306
1 307 307
1 308 308
1 309 309
1 310 310
1 311 311
1 312 312
1 313 313
1 314 314
1 315 315
1 317 317
1 318 318
1 319 319
1 320 320
1 321 321
1 322 322
1 324 324
1 325 325
1 327 327
1 328 328
1 330 330
1 331 331
1 332 332
1 333 333
1 334 334
1 336 336
1 337 337
1 339 339
1 340 340
1 342 342
1 343 343
1 344 344
1 345 345
1 346 346
1 347 347
1 348 348
1 349 349
1 350 350
1 351 351
1 352 352
1 353 353
1 354 354
1 355 355
1 356 356
1 357 357
1 358 358
1 359 359
1 360 360
1 361 361
1 362 362
1 363 363
1 364 364
1 365 365
1 366 366
1 367 367
1 368 368
1 369 369
1 370 370
1 372 372
1 373 373
1 374 374
1 375 375
1 376 376
1 377 377
1 378 378
1 379 379
1 380 380
1 381 381
1 382 382
1 383 383
1 384 384
1 385 385
1 387 387
1 388 388
1 390 390
1 391 391
1 392 392
1 393 393
1 394 394
1 395 395
1 396 396
1 397 397
1 398 398
1 399 399
1 400 400
1 402 402
1 403 403
1 404 404
1 405 405
1 406 406
1 408 408
1 409 409
1 411 411
1 412 412
1 413 413
1 414 414
1 415 415
1 417 417
1 418 418
1 419 419
1 420 420
1 421 421
1 422 422
1 423 423
1 424 424
1 426 426
1 428 428
1 430 430
1 431 431
1 432 432
1 433 433
1 434 434
1 435 435
1 436 436
1 437 437
1 438 438
1 439 439
1 441 441
1 442 442
1 443 443
1 444 444
1 445 445
1 446 446
1 447 447
1 448 448
1 449 449
1 450 450
1 451 451
1 452 452
1 453 453
1 454 454
1 455 455
1 456 456
1 457 457
1 458 458
1 459 459
1 460 460
1 462 462
1 463 463
1 465 465
1 466 466
1 467 467
1 468 468
1 469 469
1 470 470
1 472 472
1 473 473
1 475 475
1 477 477
1 478 478
1 480 480
1 481 481
1 483 483
1 484 484
1 486 486
1 487 487
1 488 488
1 489 489
1 490 490
1 491 491
1 492 492
1 493 493
1 494 494
1 495 495
1 496 496
1 497 497
1 498 498
1 499 499
1 500 500
1 501 501
1 502 502
1 503 503
1 504 504
1 505 505
1 507 507
1 508 508
1 510 510
1 511 511
1 512 512
1 513 513
1 514 514
1 515 515
1 516 516
1 518 518
1 519 519
1 520 520
1 521 521
1 523 523
1 524 524
1 526 526
1 529 529
1 530 530
1 532 532
1 533 533
1 534 534
1 535 535
1 536 536
1 537 537
1 538 538
1 539 539
1 540 540
1 541 541
1 542 542
1 543 543
1 544 544
1 545 545
1 546 546
1 549 549
1 550 550
1 552 552
1 553 553
1 556 556
1 557 557
1 559 559
1 560 560
1 562 562
1 563 563
1 565 565
1 566 566
1 567 567
1 569 569
1 574 574
1 576 576
1 577 577
1 579 579
1 580 580
1 582 582
1 583 583
1 585 585
1 587 587
1 590 590
1 591 591
1 593 593
1 594 594
1 596 596
1 597 597
1 600 600
1 602 602
1 603 603
1 605 605
1 606 606
1 609 609
1 610 610
1 611 611
1 614 614
1 615 615
1 616 616
1 618 618
1 619 619
1 620 620
1 621 621
1 622 622
1 623 623
1 624 624
1 625 625
1 628 628
1 631 631
1 631 632
1 631 633
1 632 630
1 633 630
1 634 630
1 634 634
1 635 635
1 636 636
1 639 639
1 641 641
1 642 642
1 644 644
1 646 646
1 647 647
1 649 649
1 650 650
1 652 652
1 653 653
1 654 654
1 655 655
1 656 656
1 657 657
1 659 659
1 661 661
1 662 662
1 664 664
1 668 668
1 669 669
1 670 670
1 674 674
1 675 675
1 677 677
1 679 679
1 680 680
1 681 681
1 683 683
1 684 686
1 684 687
1 684 688
1 685 685
1 686 685
1 687 685
1 687 687
1 689 689
1 690 690
1 691 691
1 692 692
1 694 694
1 695 695
1 696 696
1 697 697
1 699 699
1 701 701
1 702 702
1 704 704
1 705 705
1 707 707
1 709 709
1 710 710
1 711 711
1 712 712
1 713 713
1 715 715
1 716 716
1 717 717
1 718 718
1 719 719
1 720 720
1 722 722
1 723 723
1 724 724
1 725 725
1 726 726
1 727 727
1 728 728
1 729 729
1 731 731
1 732 732
1 733 733
1 734 734
1 736 736
1 742 742
1 743 743
1 745 745
1 746 746
1 748 748
1 754 754
1 759 759
1 762 762
1 764 764
1 766 766
1 767 767
1 768 768
1 769 769
1 771 771
1 773 773
1 774 774
1 778 778
1 785 785
1 788 788
1 790 790
1 798 798
1 801 801
1 804 804
1 809 809
1 810 810
1 812 812
1 828 828
1 832 832
1 842 842
1 844 844
1 847 847
1 849 849
1 851 851
1 897 897
1 904 904
1 925 925
1 953 953
2 0 0
2 1 0
2 1 1
2 2 2
2 3 3
2 4 4
2 5 5
2 6 6
2 7 7
2 8 8
2 9 9
2 10 10
2 11 11
2 12 12
2 13 13
2 14 14
2 15 15
2 16 16
2 17 17
2 18 18
2 19 19
2 20 20
2 21 21
2 22 22
2 23 23
2 24 24
2 25 25
2 26 26
2 27 27
2 28 28
2 29 29
2 30 30
2 31 31
2 32 32
2 33 33
2 34 34
2 35 35
2 36 36
2 37 37
2 38 38
2 39 39
2 40 40
2 41 41
2 42 42
2 43 43
2 44 44
2 45 45
2 46 46
2 47 47
2 48 48
2 49 49
2 50 50
2 51 51
2 52 52
2 53 53
2 54 54
2 55 55
2 56 56
2 57 57
2 58 58
2 59 59
2 60 60
2 61 61
2 62 62
2 63 63
2 64 64
2 65 65
2 66 66
2 67 67
2 68 68
2 69 69
2 70 70
2 71 71
2 72 72
2 73 73
2 74 74
2 75 75
2 76 76
2 77 77
2 78 78
2 79 79
2 80 80
2 81 81
2 82 82
2 83 83
2 84 84
2 85 85
2 86 86
2 87 87
2 88 88
2 89 89
2 90 90
2 91 91
2 92 92
2 93 93
2 94 94
2 95 95
2 96 96
2 97 97
2 98 98
2 99 99
2 100 100
2 101 101
2 102 102
2 103 103
2 104 104
2 105 105
2 106 106
2 107 107
2 108 108
2 109 109
2 110 110
2 111 111
2 112 112
2 113 113
2 114 114
2 115 115
2 116 116
2 117 117
2 118 118
2 119 119
2 120 120
2 121 121
2 122 122
2 123 123
2 124 124
2 125 125
2 126 126
2 127 127
2 128 128
2 129 129
2 130 130
2 131 131
2 132 132
2 133 133
2 134 134
2 135 135
2 136 136
2 137 137
2 138 138
2 139 139
2 140 140
2 141 141
2 142 142
2 143 143
2 144 144
2 145 145
2 146 146
2 147 147
2 148 148
2 149 149
2 150 149
2 150 150
2 150 151
2 151 148
2 151 151
2 152 148
2 152 152
2 153 148
2 153 153
2 154 154
2 155 155
2 156 156
2 157 157
2 158 158
2 159 159
2 160 160
2 161 161
2 162 162
2 163 163
2 164 164
2 165 165
2 166 166
2 167 167
2 168 168
2 169 169
2 170 170
2 171 171
2 172 172
2 173 173
2 174 174
2 175 175
2 176 176
2 177 177
2 178 178
2 179 179
2 180 180
2 181 181
2 182 182
2 183 183
2 184 184
2 185 185
2 186 186
2 187 187
2 188 188
2 189 189
2 190 190
2 191 191
2 192 192
2 193 193
2 194 194
2 195 195
2 197 197
2 198 198
2 199 199
2 200 200
2 201 201
2 202 202
2 203 203
2 204 204
2 205 205
2 206 206
2 207 207
2 208 208
2 209 209
2 210 210
2 211 211
2 213 213
2 214 214
2 215 215
2 216 216
2 217 217
2 218 218
2 219 219
2 220 220
2 221 221
2 222 222
2 223 223
2 224 224
2 225 225
2 226 226
2 227 227
2 228 228
2 229 229
2 230 230
2 231 231
2 232 232
2 233 233
2 234 234
2 235 235
2 236 236
2 237 237
2 238 238
2 239 239
2 240 240
2 241 241
2 242 242
2 243 243
2 244 244
2 245 245
2 246 246
2 247 247
2 248 248
2 249 249
2 250 250
2 251 251
2 252 252
2 253 253
2 254 254
2 255 255
2 256 256
2 257 257
2 258 258
2 259 259
2 260 260
2 261 261
2 262 262
2 263 263
2 264 264
2 265 265
2 266 266
2 267 267
2 268 268
2 269 269
2 270 270
2 271 271
2 272 272
2 273 273
2 274 274
2 275 275
2 277 277
2 278 278
2 279 279
2 280 280
2 281 281
2 282 282
2 283 283
2 285 285
2 286 286
2 287 287
2 288 288
2 289 289
2 290 290
2 291 291
2 292 292
2 294 294
2 295 295
2 296 296
2 297 297
2 298 298
2 299 299
2 300 300
2 301 301
2 302 302
2 303 303
2 304 304
2 305 305
2 306 306
2 307 307
2 308 308
2 309 309
2 310 310
2 311 311
2 312 312
2 313 313
2 314 314
2 315 315
2 317 317
2 318 318
2 319 319
2 320 320
2 321 321
2 322 322
2 324 324
2 325 325
2 327 327
2 328 328
2 330 330
2 331 331
2 332 332
2 333 333
2 334 334
2 336 336
2 337 337
2 339 339
2 340 340
2 342 342
2 343 343
2 344 344
2 345 345
2 346 346
2 347 347
2 348 348
2 349 349
2 350 350
2 351 351
2 352 352
2 353 353
2 354 354
2 355 355
2 356 356
2 357 357
2 358 358
2 359 359
2 360 360
2 361 361
2 362 362
2 363 363
2 364 364
2 365 365
2 366 366
2 367 367
2 368 368
2 369 369
2 370 370
2 372 372
2 373 373
2 374 374
2 375 375
2 376 376
2 377 377
2 378 378
2 379 379
2 380 380
2 381 381
2 382 382
2 383 383
2 384 384
2 385 385
2 387 387
2 388 388
2 390 390
2 391 391
2 392 392
2 393 393
2 394 394
2 395 395
2 396 396
2 397 397
2 398 398
2 399 399
2 400 400
2 402 402
2 403 403
2 404 404
2 405 405
2 406 406
2 408 408
2 409 409
2 411 411
2 412 412
2 413 413
2 414 414
2 415 415
2 417 417
2 418 418
2 419 419
2 420 420
2 421 421
2 422 422
2 423 423
2 424 424
2 426 426
2 428 428
2 430 430
2 431 431
2 432 432
2 433 433
2 434 434
2 435 435
2 436 436
2 437 437
2 438 438
2 439 439
2 441 441
2 441 444
2 441 445
2 441 446
2 442 442
2 442 443
2 443 443
2 444 443
2 444 444
2 445 445
2 446 446
2 447 447
2 448 448
2 449 449
2 450 450
2 451 451
2 452 452
2 453 453
2 454 454
2 455 455
2 456 456
2 457 457
2 458 458
2 459 459
2 460 460
2 462 462
2 463 463
2 465 465
2 466 466
2 467 467
2 468 468
2 469 469
2 470 470
2 472 472
2 473 473
2 475 475
2 477 477
2 478 478
2 480 480
2 481 481
2 483 483
2 484 484
2 486 486
2 487 487
2 488 488
2 489 489
2 490 490
2 491 491
2 492 492
2 493 493
2 494 494
2 495 495
2 496 496
2 497 497
2 498 498
2 499 499
2 500 500
2 501 501
2 502 502
2 503 503
2 504 504
2 505 505
2 507 507
2 508 508
2 510 510
2 511 511
2 512 512
2 513 513
2 514 514
2 515 515
2 516 516
2 518 518
2 519 519
2 520 520
2 521 521
2 523 523
2 524 524
2 526 526
2 529 529
2 530 530
2 532 532
2 533 533
2 534 534
2 535 535
2 536 536
2 537 537
2 538 538
2 539 539
2 540 540
2 541 541
2 542 542
2 543 543
2 544 544
2 545 545
2 546 546
2 549 549
2 550 550
2 552 552
2 553 553
2 556 556
2 557 557
2 559 559
2 560 560
2 562 562
2 563 563
2 565 565
2 566 566
2 567 567
2 569 569
2 574 574
2 576 576
2 577 577
2 579 579
2 580 580
2 582 582
2 583 583
2 585 585
2 587 587
2 590 590
2 591 591
2 593 593
2 594 594
2 596 596
2 597 597
2 600 600
2 602 602
2 603 603
2 605 605
2 606 606
2 609 609
2 610 610
2 611 611
2 614 614
2 615 615
2 616 616
2 618 618
2 619 619
2 620 620
2 621 621
2 622 622
2 623 623
2 624 624
2 625 625
2 628 628
2 631 630
2 631 631
2 634 634
2 635 635
2 636 636
2 639 639
2 641 641
2 642 642
2 644 644
2 646 646
2 647 647
2 649 649
2 650 650
2 652 652
2 653 653
2 654 654
2 655 655
2 656 656
2 657 657
2 659 659
2 661 661
2 662 662
2 664 664
2 668 668
2 669 669
2 670 670
2 674 674
2 675 675
2 677 677
2 679 679
2 680 680
2 681 681
2 683 683
2 684 685
2 685 685
2 687 687
2 689 689
2 690 690
2 691 691
2 692 692
2 694 694
2 695 695
2 696 696
2 697 697
2 699 699
2 701 701
2 702 702
2 704 704
2 705 705
2 707 707
2 709 709
2 710 710
2 711 711
2 712 712
2 713 713
2 715 715
2 716 716
2 717 717
2 718 718
2 719 719
2 720 720
2 722 722
2 723 723
2 724 724
2 725 725
2 726 726
2 727 727
2 728 728
2 729 729
2 731 731
2 732 732
2 733 733
2 733 736
2 733 737
2 733 738
2 734 734
2 734 735
2 735 735
2 736 735
2 736 736
2 742 742
2 743 743
2 745 745
2 746 746
2 748 748
2 754 754
2 759 759
2 762 762
2 764 764
2 766 766
2 767 767
2 768 768
2 769 769
2 771 771
2 773 773
2 774 774
2 778 778
2 785 785
2 788 788
2 790 790
2 798 798
2 801 801
2 804 804
2 809 809
2 810 810
2 812 812
2 828 828
2 832 832
2 842 842
2 844 844
2 847 847
2 849 849
2 851 851
2 897 897
2 904 904
2 925 925
2 953 953
3 0 4
3 0 5
3 0 6
3 1 1
3 1 3
3 2 2
3 2 3
3 3 2
3 3 3
3 4 4
3 5 5
3 6 6
3 7 7
3 8 8
3 9 9
3 10 10
3 11 11
3 12 12
3 13 13
3 14 14
3 15 15
3 16 16
3 17 17
3 18 18
3 19 19
3 20 20
3 21 21
3 22 22
3 23 23
3 24 24
3 25 25
3 26 26
3 27 27
3 28 28
3 29 29
3 30 30
3 31 31
3 32 32
3 33 33
3 34 34
3 35 35
3 36 36
3 37 37
3 38 38
3 39 39
3 40 40
3 41 41
3 42 42
3 43 43
3 44 44
3 45 45
3 46 46
3 47 47
3 48 48
3 49 49
3 50 50
3 51 51
3 52 52
3 53 53
3 54 54
3 55 55
3 56 56
3 57 57
3 58 58
3 59 59
3 60 60
3 61 61
3 62 62
3 63 63
3 64 64
3 65 65
3 66 66
3 67 67
3 68 68
3 69 69
3 70 70
3 71 71
3 72 72
3 73 73
3 74 74
3 75 75
3 76 76
3 77 77
3 78 78
3 79 79
3 80 80
3 81 81
3 82 82
3 83 83
3 84 84
3 85 85
3 86 86
3 87 87
3 88 88
3 89 89
3 90 90
3 91 91
3 92 92
3 93 93
3 94 94
3 95 95
3 96 96
3 97 97
3 98 98
3 99 99
3 100 100
3 101 101
3 102 102
3 103 103
3 104 104
3 105 105
3 106 106
3 107 107
3 108 108
3 109 109
3 110 110
3 111 111
3 112 112
3 113 113
3 114 114
3 115 115
3 116 116
3 117 117
3 118 118
3 119 119
3 120 120
3 121 121
3 122 122
3 123 123
3 124 124
3 125 125
3 126 126
3 127 127
3 128 128
3 129 129
3 130 130
3 131 131
3 132 132
3 133 133
3 134 134
3 135 135
3 136 136
3 137 137
3 138 138
3 139 139
3 140 140
3 141 141
3 142 142
3 143 143
3 144 144
3 145 145
3 146 146
3 147 147
3 148 148
3 149 149
3 150 148
3 150 150
3 151 151
3 152 152
3 153 153
3 154 154
3 155 155
3 156 156
3 157 157
3 158 158
3 159 159
3 160 160
3 161 161
3 162 162
3 163 163
3 164 164
3 165 165
3 166 166
3 167 167
3 168 168
3 169 169
3 170 170
3 171 171
3 172 172
3 173 173
3 174 174
3 175 175
3 176 176
3 177 177
3 178 178
3 179 179
3 180 180
3 181 181
3 182 182
3 183 183
3 184 184
3 185 185
3 186 186
3 187 187
3 188 188
3 189 189
3 190 190
3 191 191
3 192 192
3 193 193
3 194 194
3 195 195
3 197 197
3 198 198
3 199 199
3 200 200
3 201 201
3 202 202
3 203 203
3 204 204
3 205 205
3 206 206
3 207 207
3 208 208
3 209 209
3 210 210
3 211 211
3 213 213
3 214 214
3 215 215
3 216 216
3 217 217
3 218 218
3 219 219
3 220 220
3 221 221
3 222 222
3 223 223
3 224 224
3 225 225
3 226 226
3 227 227
3 228 228
3 229 229
3 230 230
3 231 231
3 232 232
3 233 233
3 234 234
3 235 235
3 236 236
3 237 237
3 238 238
3 239 239
3 240 240
3 241 241
3 242 242
3 243 243
3 244 244
3 245 245
3 246 246
3 247 247
3 248 248
3 249 249
3 250 250
3 251 251
3 252 252
3 253 253
3 254 254
3 255 255
3 256 256
3 257 257
3 258 258
3 259 259
3 260 260
3 261 261
3 262 262
3 263 263
3 264 264
3 265 265
3 266 266
3 267 267
3 268 268
3 269 269
3 269 271
3 269 272
3 269 273
3 270 270
3 271 270
3 271 271
3 272 270
3 272 272
3 273 273
3 274 274
3 275 275
3 277 277
3 278 278
3 279 279
3 280 280
3 281 281
3 282 282
3 283 283
3 285 285
3 286 286
3 287 287
3 288 288
3 289 289
3 290 290
3 291 291
3 292 292
3 294 294
3 295 295
3 296 296
3 297 297
3 298 298
3 299 299
3 300 300
3 301 301
3 302 302
3 303 303
3 304 304
3 305 305
3 306 306
3 307 307
3 308 308
3 309 309
3 310 310
3 311 311
3 312 312
3 313 313
3 314 314
3 315 315
3 317 317
3 318 318
3 319 319
3 320 320
3 321 321
3 322 322
3 324 324
3 325 325
3 327 327
3 330 330
3 332 332
3 333 333
3 334 334
3 336 336
3 337 337
3 339 339
3 340 340
3 342 342
3 343 343
3 344 344
3 345 345
3 346 346
3 347 347
3 348 348
3 349 349
3 350 350
3 351 351
3 352 352
3 353 353
3 354 354
3 355 355
3 356 356
3 357 357
3 358 358
3 359 359
3 360 360
3 361 361
3 362 362
3 363 363
3 364 364
3 365 365
3 366 366
3 367 367
3 368 368
3 369 369
3 370 370
3 372 372
3 373 373
3 374 374
3 375 375
3 376 376
3 377 377
3 378 378
3 379 379
3 380 380
3 381 381
3 383 383
3 384 384
3 385 385
3 387 387
3 388 388
3 390 390
3 391 391
3 392 392
3 393 393
3 394 394
3 395 395
3 396 396
3 397 397
3 398 398
3 399 399
3 400 400
3 402 402
3 403 403
3 404 404
3 405 405
3 406 406
3 409 409
3 412 412
3 413 413
3 414 414
3 415 415
3 417 417
3 418 418
3 419 419
3 420 420
3 421 421
3 422 422
3 424 424
3 426 426
3 428 428
3 430 430
3 431 431
3 432 432
3 433 433
3 434 434
3 435 435
3 436 436
3 438 438
3 439 439
3 441 441
3 442 442
3 443 443
3 444 444
3 445 445
3 446 446
3 447 447
3 448 448
3 449 449
3 450 450
3 452 452
3 453 453
3 455 455
3 456 456
3 457 457
3 458 458
3 459 459
3 462 462
3 463 463
3 465 465
3 466 466
3 469 469
3 470 470
3 472 472
3 473 473
3 475 475
3 477 477
3 478 478
3 480 480
3 481 481
3 483 483
3 484 484
3 486 486
3 487 487
3 488 488
3 489 489
3 490 490
3 491 491
3 492 492
3 493 493
3 494 494
3 495 495
3 496 496
3 498 498
3 500 500
3 502 502
3 503 503
3 504 504
3 505 505
3 507 507
3 508 508
3 510 510
3 511 511
3 512 512
3 513 513
3 514 514
3 515 515
3 516 516
3 518 518
3 520 520
3 521 521
3 523 523
3 526 526
3 529 529
3 530 530
3 532 532
3 533 533
3 534 534
3 535 535
3 536 536
3 538 538
3 539 539
3 540 540
3 541 541
3 542 542
3 545 545
3 546 546
3 549 549
3 550 550
3 552 552
3 553 553
3 559 559
3 560 560
3 563 563
3 566 566
3 569 569
3 576 576
3 579 579
3 583 583
3 587 587
3 590 590
3 591 591
3 596 596
3 597 597
3 600 600
3 602 602
3 603 603
3 606 606
3 609 609
3 611 611
3 614 614
3 615 615
3 616 616
3 618 618
3 619 619
3 620 620
3 622 622
3 623 623
3 624 624
3 625 625
3 628 628
3 631 630
3 631 631
3 634 634
3 636 636
3 639 639
3 641 641
3 642 642
3 644 644
3 646 646
3 647 647
3 650 650
3 652 652
3 654 654
3 655 655
3 657 657
3 661 661
3 664 664
3 668 668
3 669 669
3 670 670
3 674 674
3 675 675
3 677 677
3 683 683
3 687 687
3 690 690
3 691 691
3 694 694
3 696 696
3 699 699
3 704 704
3 705 705
3 709 709
3 712 712
3 713 713
3 715 715
3 716 716
3 718 718
3 719 719
3 722 722
3 727 727
3 728 728
3 731 731
3 742 742
3 745 745
3 748 748
3 754 754
3 759 759
3 778 778
3 785 785
3 788 788
3 812 812
3 847 847
3 851 851
4 269 270
4 631 630
5 269 270
6 269 270
6 788 787
6 788 788
6 788 789
6 789 786
6 790 786
6 791 786
7 639 633
7 639 634
7 639 635
7 640 632
7 641 632
7 642 632
7 788 786
8 50 59
8 50 60
8 50 61
8 51 58
8 52 58
8 53 58
8 639 632
8 788 786
9 50 58
9 639 632
9 788 786
9 886 896
9 886 897
9 886 898
9 887 895
9 888 895
9 889 895
10 50 58
10 639 632
10 886 895
11 50 58
11 886 895
12 886 895
13 329 325
13 329 326
13 329 327
13 330 324
13 331 324
13 332 324
14 329 324
15 329 324
16 329 324
19 39 53
19 39 54
19 39 55
19 40 52
19 41 52
19 42 52
19 312 300
19 312 301
19 312 302
19 313 299
19 314 299
19 315 299
20 39 52
20 312 299
21 39 52
21 312 299
22 39 52
22 250 237
22 250 238
22 250 239
22 251 236
22 252 236
22 253 236
22 312 299
22 706 725
22 706 726
22 706 727
22 707 724
22 708 724
22 709 724
23 250 236
23 608 632
23 608 633
23 608 634
23 609 631
23 610 631
23 611 631
23 706 724
24 250 236
24 608 631
24 706 724
24 797 774
24 797 775
24 797 776
24 798 773
24 799 773
24 800 773
25 250 236
25 608 631
25 706 724
25 753 745
25 753 746
25 753 747
25 754 744
25 755 744
25 756 744
25 797 773
26 519 542
26 519 543
26 519 544
26 520 541
26 521 541
26 522 541
26 608 631
26 608 635
26 608 636
26 608 637
26 609 634
26 610 634
26 611 634
26 753 744
26 797 773
27 519 541
27 545 571
27 545 572
27 545 573
27 546 570
27 547 570
27 548 570
27 608 634
27 616 628
27 616 629
27 616 630
27 617 627
27 618 627
27 619 627
27 753 744
27 797 773
28 519 541
28 545 570
28 608 634
28 616 627
28 753 744
28 756 745
28 756 746
28 756 747
28 757 744
28 758 744
28 759 744
29 519 541
29 545 570
29 608 634
29 616 627
29 756 744
30 545 570
30 548 571
30 548 572
30 548 573
30 549 570
30 550 570
30 551 570
30 616 627
30 756 744
31 0 32
31 0 33
31 0 34
31 1 31
31 2 31
31 3 31
31 548 570
31 756 744
31 893 867
31 893 868
31 893 869
31 894 866
31 895 866
31 896 866
32 0 31
32 0 33
32 0 34
32 0 35
32 1 32
32 2 32
32 3 32
32 548 570
32 893 866
33 0 31
33 0 32
33 548 570
33 893 866
34 0 31
34 0 32
34 893 866
35 0 32
35 0 36
35 0 37
35 0 38
35 1 35
35 2 35
35 3 35
36 0 35
36 718 747
36 718 748
36 718 749
36 719 746
36 720 746
36 721 746
37 0 35
37 718 746
38 0 35
38 718 746
39 242 214
39 242 215
39 242 216
39 243 213
39 244 213
39 245 213
39 718 746
40 0 41
40 0 42
40 0 43
40 1 40
40 2 40
40 3 40
40 242 213
40 395 420
40 395 421
40 395 422
40 396 419
40 397 419
40 398 419
40 404 445
40 404 446
40 404 447
40 405 444
40 406 444
40 407 444
41 0 40
41 41 1
41 41 2
41 41 3
41 42 0
41 43 0
41 44 0
41 242 213
41 395 419
41 404 444
41 821 797
41 821 798
41 821 799
41 822 796
41 823 796
41 824 796
42 0 40
42 41 0
42 242 213
42 395 419
42 404 444
42 821 796
43 0 40
43 41 0
43 395 419
43 404 444
43 821 796
44 41 0
44 94 115
44 94 116
44 94 117
44 95 114
44 96 114
44 97 114
44 821 796
45 94 114
46 94 114
46 112 95
46 112 96
46 112 97
46 113 94
46 114 94
46 115 94
47 94 114
47 112 94
47 357 331
47 357 332
47 357 333
47 358 330
47 359 330
47 360 330
48 112 94
48 357 330
49 112 94
49 357 330
50 357 330
54 477 492
54 477 493
54 477 494
54 478 491
54 479 491
54 480 491
55 477 491
55 719 761
55 719 762
55 719 763
55 720 760
55 721 760
55 722 760
56 78 119
56 78 120
56 78 121
56 79 118
56 80 118
56 81 118
56 477 491
56 719 760
57 78 118
57 477 491
57 719 760
58 78 118
58 719 760
59 78 118
60 287 292
60 287 293
60 287 294
60 288 291
60 289 291
60 290 291
60 383 324
60 383 325
60 383 326
60 384 323
60 385 323
60 386 323
61 287 291
61 383 323
62 287 291
62 383 323
63 287 291
63 383 323
63 669 675
63 669 676
63 669 677
63 670 674
63 671 674
63 672 674
64 669 674
64 709 646
64 709 647
64 709 648
64 710 645
64 711 645
64 712 645
65 154 220
65 154 221
65 154 222
65 155 219
65 156 219
65 157 219
65 669 674
65 709 645
66 154 219
66 669 674
66 709 645
67 154 219
67 709 645
68 154 219
73 305 377
73 305 378
73 305 379
73 306 376
73 307 376
73 308 376
73 653 709
73 653 710
73 653 711
73 654 708
73 655 708
73 656 708
74 74 1
74 74 2
74 74 3
74 75 0
74 76 0
74 77 0
74 305 376
74 653 708
75 74 0
75 305 376
75 653 708
76 74 0
76 305 376
76 653 708
77 74 0
78 290 365
78 290 366
78 290 367
78 291 364
78 292 364
78 293 364
79 131 205
79 131 206
79 131 207
79 132 204
79 133 204
79 134 204
79 290 364
80 0 81
80 0 82
80 0 83
80 1 80
80 2 80
80 3 80
80 131 204
80 290 364
80 628 549
80 628 550
80 628 551
80 629 548
80 630 548
80 631 548
81 0 80
81 131 204
81 290 364
81 628 548
82 0 80
82 131 204
82 310 357
82 310 358
82 310 359
82 311 356
82 312 356
82 313 356
82 389 472
82 389 473
82 389 474
82 390 471
82 391 471
82 392 471
82 628 548
83 0 80
83 310 356
83 389 471
83 456 412
83 456 413
83 456 414
83 457 411
83 458 411
83 459 411
83 628 548
84 310 356
84 389 471
84 456 411
85 310 356
85 389 471
85 456 411
86 456 411
88 767 680
88 767 681
88 767 682
88 768 679
88 769 679
88 770 679
89 767 679
90 767 679
91 117 47
91 117 48
91 117 49
91 118 46
91 119 46
91 120 46
91 767 679
92 117 46
93 117 46
93 846 788
93 846 789
93 846 790
93 847 787
93 848 787
93 849 787
94 117 46
94 846 787
95 846 787
96 420 453
96 420 454
96 420 455
96 421 452
96 422 452
96 423 452
96 846 787
97 420 452
98 420 452
99 420 452
103 66 38
103 66 39
103 66 40
103 67 37
103 68 37
103 69 37
104 66 37
105 0 106
105 0 107
105 0 108
105 1 105
105 2 105
105 3 105
105 66 37
106 0 105
106 66 37
106 66 41
106 66 42
106 66 43
106 67 40
106 68 40
106 69 40
107 0 105
107 66 40
108 0 105
108 66 40
109 66 40
110 286 369
110 286 370
110 286 371
110 287 368
110 288 368
110 289 368
111 258 366
111 258 367
111 258 368
111 259 365
111 260 365
111 261 365
111 286 368
112 130 243
112 130 244
112 130 245
112 131 242
112 132 242
112 133 242
112 258 365
112 286 368
113 130 242
113 258 365
113 286 368
113 492 414
113 492 415
113 492 416
113 493 413
113 494 413
113 495 413
114 130 242
114 258 365
114 387 498
114 387 499
114 387 500
114 388 497
114 389 497
114 390 497
114 492 413
114 708 695
114 708 696
114 708 697
114 709 694
114 710 694
114 711 694
115 130 242
115 387 497
115 392 508
115 392 509
115 392 510
115 393 507
115 394 507
115 395 507
115 492 413
115 708 694
116 387 497
116 392 507
116 492 413
116 708 694
117 387 497
117 392 507
117 708 694
118 392 507
119 119 1
119 119 2
119 119 3
119 120 0
119 121 0
119 122 0
119 494 410
119 494 411
119 494 412
119 495 409
119 496 409
119 497 409
120 119 0
120 494 409
121 119 0
121 494 409
121 611 539
121 611 540
121 611 541
121 612 538
121 613 538
121 614 538
122 0 123
122 0 124
122 0 125
122 1 122
122 2 122
122 3 122
122 119 0
122 122 1
122 122 2
122 122 3
122 123 0
122 124 0
122 125 0
122 494 409
122 611 538
123 0 122
123 122 0
123 611 538
124 0 122
124 122 0
124 132 249
124 132 250
124 132 251
124 133 248
124 134 248
124 135 248
124 611 538
125 0 122
125 0 126
125 0 127
125 0 128
125 1 125
125 2 125
125 3 125
125 122 0
125 132 248
126 0 125
126 132 248
127 0 125
127 132 248
127 132 252
127 132 253
127 132 254
127 133 251
127 134 251
127 135 251
128 0 125
128 132 251
129 116 246
129 116 247
129 116 248
129 117 245
129 118 245
129 119 245
129 132 251
130 116 245
130 132 251
131 116 245
131 735 605
131 735 606
131 735 607
131 736 604
131 737 604
131 738 604
132 116 245
132 409 286
132 409 287
132 409 288
132 410 285
132 411 285
132 412 285
132 735 604
133 409 285
133 442 320
133 442 321
133 442 322
133 443 319
133 444 319
133 445 319
133 575 699
133 575 700
133 575 701
133 576 698
133 577 698
133 578 698
133 735 604
134 409 285
134 442 319
134 575 698
134 735 604
135 409 285
135 442 319
135 575 698
136 442 319
136 575 698
138 399 262
138 399 263
138 399 264
138 400 261
138 401 261
138 402 261
139 399 261
140 399 261
141 188 50
141 188 51
141 188 52
141 189 49
141 190 49
141 191 49
141 399 261
142 188 49
143 188 49
144 144 1
144 144 2
144 144 3
144 145 0
144 146 0
144 147 0
144 188 49
145 144 0
145 145 1
145 145 2
145 145 3
145 146 0
145 147 0
145 148 0
146 144 0
146 145 0
146 404 263
146 404 264
146 404 265
146 405 262
146 406 262
146 407 262
147 144 0
147 145 0
147 404 262
148 145 0
148 404 262
148 652 537
148 652 538
148 652 539
148 653 536
148 654 536
148 655 536
149 404 262
149 561 677
149 561 678
149 561 679
149 562 676
149 563 676
149 564 676
149 652 536
150 561 676
150 652 536
151 561 676
151 652 536
152 438 303
152 438 304
152 438 305
152 439 302
152 440 302
152 441 302
152 561 676
153 438 302
154 438 302
155 438 302
157 171 55
157 171 56
157 171 57
157 172 54
157 173 54
157 174 54
158 171 54
158 657 528
158 657 529
158 657 530
158 658 527
158 659 527
158 660 527
159 171 54
159 657 527
160 171 54
160 657 527
161 657 527
163 211 113
163 211 114
163 211 115
163 212 112
163 213 112
163 214 112
163 489 331
163 489 332
163 489 333
163 490 330
163 491 330
163 492 330
164 211 112
164 489 330
164 689 534
164 689 535
164 689 536
164 690 533
164 691 533
164 692 533
165 0 166
165 0 167
165 0 168
165 1 165
165 2 165
165 3 165
165 211 112
165 489 330
165 689 533
166 0 165
166 211 112
166 489 330
166 689 533
167 0 165
167 274 438
167 274 439
167 274 440
167 275 437
167 276 437
167 277 437
167 689 533
168 0 165
168 274 437
169 274 437
170 274 437
172 149 58
172 149 59
172 149 60
172 150 57
172 151 57
172 152 57
172 163 16
172 163 17
172 163 18
172 164 15
172 165 15
172 166 15
173 149 57
173 163 15
174 149 57
174 163 15
175 149 57
175 163 15
178 539 682
178 539 683
178 539 684
178 540 681
178 541 681
178 542 681
179 476 368
179 476 369
179 476 370
179 477 367
179 478 367
179 479 367
179 539 681
180 476 367
180 539 681
180 635 720
180 635 721
180 635 722
180 636 719
180 637 719
180 638 719
181 183 3
181 183 4
181 183 5
181 184 2
181 185 2
181 186 2
181 194 120
181 194 121
181 194 122
181 195 119
181 196 119
181 197 119
181 476 367
181 539 681
181 635 719
182 183 2
182 194 119
182 325 500
182 325 501
182 325 502
182 326 499
182 327 499
182 328 499
182 476 367
182 635 719
183 183 2
183 194 119
183 325 499
183 635 719
184 183 2
184 194 119
184 325 499
185 291 411
185 291 412
185 291 413
185 292 410
185 293 410
185 294 410
185 325 499
186 291 410
187 291 410
188 115 208
188 115 209
188 115 210
188 116 207
188 117 207
188 118 207
188 291 410
189 115 207
190 115 207
190 500 331
190 500 332
190 500 333
190 501 330
190 502 330
190 503 330
191 115 207
191 500 330
192 396 333
192 396 334
192 396 335
192 397 332
192 398 332
192 399 332
192 500 330
192 960 769
192 960 770
192 960 771
192 961 768
192 962 768
192 963 768
193 396 332
193 450 260
193 450 261
193 450 262
193 451 259
193 452 259
193 453 259
193 500 330
193 960 768
194 396 332
194 450 259
194 713 524
194 713 525
194 713 526
194 714 523
194 715 523
194 716 523
194 960 768
195 396 332
195 450 259
195 713 523
195 960 768
196 450 259
196 713 523
197 146 88
197 146 89
197 146 90
197 147 87
197 148 87
197 149 87
197 713 523
198 146 87
199 122 190
199 122 191
199 122 192
199 123 189
199 124 189
199 125 189
199 146 87
200 122 189
200 146 87
201 122 189
201 353 425
201 353 426
201 353 427
201 354 424
201 355 424
201 356 424
202 122 189
202 353 424
203 353 424
204 353 424
204 450 271
204 450 272
204 450 273
204 451 270
204 452 270
204 453 270
204 731 536
204 731 537
204 731 538
204 732 535
204 733 535
204 734 535
205 450 270
205 731 535
206 450 270
206 731 535
207 450 270
207 731 535
209 218 12
209 218 13
209 218 14
209 219 11
209 220 11
209 221 11
210 218 11
211 218 11
212 218 11
214 161 120
214 161 121
214 161 122
214 162 119
214 163 119
214 164 119
215 161 119
216 161 119
216 316 485
216 316 486
216 316 487
216 317 484
216 318 484
216 319 484
217 161 119
217 316 484
218 316 484
219 316 484
219 319 485
219 319 486
219 319 487
219 320 484
219 321 484
219 322 484
219 365 439
219 365 440
219 365 441
219 366 438
219 367 438
219 368 438
219 932 896
219 932 897
219 932 898
219 933 895
219 934 895
219 935 895
220 319 484
220 365 438
220 932 895
221 319 484
221 365 438
221 932 895
222 319 484
222 365 438
222 932 895
225 586 684
225 586 685
225 586 686
225 587 683
225 588 683
225 589 683
226 163 66
226 163 67
226 163 68
226 164 65
226 165 65
226 166 65
226 586 683
227 163 65
227 586 683
228 163 65
228 586 683
229 163 65
229 164 66
229 164 67
229 164 68
229 165 65
229 166 65
229 167 65
229 229 1
229 229 2
229 229 3
229 230 0
229 231 0
229 232 0
230 164 65
230 229 0
230 255 26
230 255 27
230 255 28
230 256 25
230 257 25
230 258 25
230 447 346
230 447 347
230 447 348
230 448 345
230 449 345
230 450 345
231 164 65
231 229 0
231 255 25
231 447 345
232 164 65
232 229 0
232 255 25
232 447 345
233 255 25
233 447 345
237 276 506
237 276 507
237 276 508
237 277 505
237 278 505
237 279 505
238 276 505
239 276 505
240 89 170
240 89 171
240 89 172
240 90 169
240 91 169
240 92 169
240 276 505
241 89 169
242 89 169
243 89 169
249 0 250
249 0 251
249 0 252
249 1 249
249 2 249
249 3 249
250 0 249
250 354 409
250 354 410
250 354 411
250 355 408
250 356 408
250 357 408
251 0 249
251 354 408
252 0 249
252 354 408
252 739 544
252 739 545
252 739 546
252 740 543
252 741 543
252 742 543
253 354 408
253 739 543
254 505 264
254 505 265
254 505 266
254 506 263
254 507 263
254 508 263
254 739 543
255 505 263
255 739 543
256 505 263
257 505 263
258 167 422
258 167 423
258 167 424
258 168 421
258 169 421
258 170 421
259 167 421
260 6 259
260 6 260
260 6 261
260 7 258
260 8 258
260 9 258
260 167 421
261 6 258
261 167 421
262 6 258
263 6 258
266 803 554
266 803 555
266 803 556
266 804 553
266 805 553
266 806 553
267 803 553
268 803 553
269 555 807
269 555 808
269 555 809
269 556 806
269 557 806
269 558 806
269 803 553
270 555 806
271 555 806
272 480 241
272 480 242
272 480 243
272 481 240
272 482 240
272 483 240
272 555 806
273 62 304
273 62 305
273 62 306
273 63 303
273 64 303
273 65 303
273 480 240
274 62 303
274 480 240
275 62 303
275 480 240
276 62 303
278 407 130
278 407 131
278 407 132
278 408 129
278 409 129
278 410 129
279 407 129
280 407 129
281 281 1
281 281 2
281 281 3
281 282 0
281 283 0
281 284 0
281 407 129
282 281 0
283 281 0
284 281 0
284 840 597
284 840 598
284 840 599
284 841 596
284 842 596
284 843 596
285 840 596
286 840 596
287 840 596
289 194 484
289 194 485
289 194 486
289 195 483
289 196 483
289 197 483
290 194 483
291 194 483
291 198 486
291 198 487
291 198 488
291 199 485
291 200 485
291 201 485
291 990 766
291 990 767
291 990 768
291 991 765
291 992 765
291 993 765
292 194 483
292 198 485
292 344 125
292 344 126
292 344 127
292 345 124
292 346 124
292 347 124
292 990 765
293 198 485
293 344 124
293 990 765
294 198 485
294 344 124
294 990 765
295 344 124
296 511 216
296 511 217
296 511 218
296 512 215
296 513 215
296 514 215
297 511 215
298 511 215
299 511 215
299 935 653
299 935 654
299 935 655
299 936 652
299 937 652
299 938 652
300 935 652
301 935 652
302 935 652
303 200 488
303 200 489
303 200 490
303 201 487
303 202 487
303 203 487
304 200 487
305 200 487
306 200 487
308 935 660
308 935 661
308 935 662
308 936 659
308 937 659
308 938 659
309 935 659
310 54 257
310 54 258
310 54 259
310 55 256
310 56 256
310 57 256
310 935 659
311 54 256
311 539 813
311 539 814
311 539 815
311 540 812
311 541 812
311 542 812
311 935 659
312 54 256
312 539 812
313 54 256
313 539 812
314 539 812
316 807 540
316 807 541
316 807 542
316 808 539
316 809 539
316 810 539
317 807 539
318 807 539
319 807 539
321 209 401
321 209 402
321 209 403
321 210 400
321 211 400
321 212 400
322 209 400
322 228 423
322 228 424
322 228 425
322 229 422
322 230 422
322 231 422
322 409 220
322 409 221
322 409 222
322 410 219
322 411 219
322 412 219
323 209 400
323 228 422
323 409 219
324 209 400
324 228 422
324 409 219
325 228 422
325 409 219
332 372 57
332 372 58
332 372 59
332 373 56
332 374 56
332 375 56
333 372 56
334 372 56
335 372 56
335 372 60
335 372 61
335 372 62
335 373 59
335 374 59
335 375 59
336 372 59
337 34 372
337 34 373
337 34 374
337 35 371
337 36 371
337 37 371
337 372 59
337 482 180
337 482 181
337 482 182
337 483 179
337 484 179
337 485 179
338 34 371
338 338 1
338 338 2
338 338 3
338 339 0
338 340 0
338 341 0
338 372 59
338 482 179
339 34 371
339 338 0
339 482 179
340 34 371
340 338 0
340 482 179
341 338 0
342 0 343
342 0 344
342 0 345
342 1 342
342 2 342
342 3 342
342 897 728
342 897 729
342 897 730
342 898 727
342 899 727
342 900 727
342 934 753
342 934 754
342 934 755
342 935 752
342 936 752
342 937 752
343 0 342
343 897 727
343 934 752
344 0 342
344 830 615
344 830 616
344 830 617
344 831 614
344 832 614
344 833 614
344 897 727
344 934 752
345 0 342
345 830 614
345 897 727
345 934 752
346 234 433
346 234 434
346 234 435
346 235 432
346 236 432
346 237 432
346 830 614
347 234 432
347 830 614
348 234 432
349 234 432
349 237 433
349 237 434
349 237 435
349 238 432
349 239 432
349 240 432
350 237 432
350 731 902
350 731 903
350 731 904
350 732 901
350 733 901
350 734 901
351 237 432
351 731 901
352 237 432
352 408 249
352 408 250
352 408 251
352 409 248
352 410 248
352 411 248
352 554 843
352 554 844
352 554 845
352 555 842
352 556 842
352 557 842
352 731 901
353 408 248
353 429 205
353 429 206
353 429 207
353 430 204
353 431 204
353 432 204
353 462 176
353 462 177
353 462 178
353 463 175
353 464 175
353 465 175
353 474 188
353 474 189
353 474 190
353 475 187
353 476 187
353 477 187
353 554 842
353 731 901
354 408 248
354 429 204
354 462 175
354 474 187
354 554 842
355 408 248
355 429 204
355 462 175
355 474 187
355 554 842
356 0 357
356 0 358
356 0 359
356 1 356
356 2 356
356 3 356
356 429 204
356 462 175
356 474 187
356 498 151
356 498 152
356 498 153
356 499 150
356 500 150
356 501 150
357 0 356
357 498 150
358 0 356
358 498 150
359 0 356
359 498 150
366 366 1
366 366 2
366 366 3
366 367 0
366 368 0
366 369 0
367 366 0
368 366 0
369 366 0
370 869 536
370 869 537
370 869 538
370 870 535
370 871 535
370 872 535
371 256 116
371 256 117
371 256 118
371 257 115
371 258 115
371 259 115
371 869 535
372 256 115
372 869 535
373 256 115
373 469 161
373 469 162
373 469 163
373 470 160
373 471 160
373 472 160
373 869 535
374 256 115
374 469 160
375 469 160
376 469 160
377 818 588
377 818 589
377 818 590
377 819 587
377 820 587
377 821 587
378 818 587
379 818 587
380 818 587
381 381 1
381 381 2
381 381 3
381 382 0
381 383 0
381 384 0
382 381 0
382 766 897
382 766 898
382 766 899
382 767 896
382 768 896
382 769 896
383 381 0
383 766 896
384 214 343
384 214 344
384 214 345
384 215 342
384 216 342
384 217 342
384 381 0
384 766 896
385 214 342
385 766 896
386 85 472
386 85 473
386 85 474
386 86 471
386 87 471
386 88 471
386 214 342
386 288 163
386 288 164
386 288 165
386 289 162
386 290 162
386 291 162
387 85 471
387 214 342
387 288 162
387 350 222
387 350 223
387 350 224
387 351 221
387 352 221
387 353 221
388 85 471
388 288 162
388 350 221
389 85 471
389 288 162
389 350 221
390 235 366
390 235 367
390 235 368
390 236 365
390 237 365
390 238 365
390 350 221
391 235 365
391 443 61
391 443 62
391 443 63
391 444 60
391 445 60
391 446 60
392 235 365
392 443 60
393 235 365
393 443 60
393 565 957
393 565 958
393 565 959
393 566 956
393 567 956
393 568 956
394 443 60
394 565 956
395 166 302
395 166 303
395 166 304
395 167 301
395 168 301
395 169 301
395 565 956
395 941 551
395 941 552
395 941 553
395 942 550
395 943 550
395 944 550
396 166 301
396 565 956
396 941 550
397 166 301
397 941 550
398 166 301
398 941 550
403 909 543
403 909 544
403 909 545
403 910 542
403 911 542
403 912 542
404 909 542
405 909 542
406 909 542
410 796 647
410 796 648
410 796 649
410 797 646
410 798 646
410 799 646
411 535 909
411 535 910
411 535 911
411 536 908
411 537 908
411 538 908
411 796 646
412 126 483
412 126 484
412 126 485
412 127 482
412 128 482
412 129 482
412 535 908
412 642 799
412 642 800
412 642 801
412 643 798
412 644 798
412 645 798
412 796 646
413 126 482
413 350 196
413 350 197
413 350 198
413 351 195
413 352 195
413 353 195
413 535 908
413 642 798
413 796 646
414 126 482
414 350 195
414 535 908
414 642 798
415 126 482
415 350 195
415 642 798
415 777 663
415 777 664
415 777 665
415 778 662
415 779 662
415 780 662
416 350 195
416 777 662
417 777 662
418 777 662
421 394 48
421 394 49
421 394 50
421 395 47
421 396 47
421 397 47
422 394 47
423 394 47
424 162 267
424 162 268
424 162 269
424 163 266
424 164 266
424 165 266
424 292 141
424 292 142
424 292 143
424 293 140
424 294 140
424 295 140
424 394 47
425 162 266
425 292 140
425 863 759
425 863 760
425 863 761
425 864 758
425 865 758
425 866 758
426 162 266
426 292 140
426 863 758
427 162 266
427 292 140
427 863 758
428 145 318
428 145 319
428 145 320
428 146 317
428 147 317
428 148 317
428 863 758
429 145 317
430 145 317
431 145 317
431 145 319
431 145 320
431 145 321
431 146 318
431 147 318
431 148 318
432 145 318
433 145 318
434 145 318
435 457 123
435 457 124
435 457 125
435 458 122
435 459 122
435 460 122
436 457 122
437 457 122
438 457 122
439 850 742
439 850 743
439 850 744
439 851 741
439 852 741
439 853 741
440 850 741
441 850 741
442 732 871
442 732 872
442 732 873
442 733 870
442 734 870
442 735 870
442 850 741
443 732 870
444 732 870
445 396 50
445 396 51
445 396 52
445 397 49
445 398 49
445 399 49
445 732 870
445 817 653
445 817 654
445 817 655
445 818 652
445 819 652
445 820 652
446 396 49
446 817 652
447 396 49
447 817 652
448 396 49
448 817 652
457 510 56
457 510 57
457 510 58
457 511 55
457 512 55
457 513 55
458 129 332
458 129 333
458 129 334
458 130 331
458 131 331
458 132 331
458 510 55
458 830 757
458 830 758
458 830 759
458 831 756
458 832 756
458 833 756
459 129 331
459 510 55
459 801 747
459 801 748
459 801 749
459 802 746
459 803 746
459 804 746
459 830 756
460 129 331
460 510 55
460 759 828
460 759 829
460 759 830
460 760 827
460 761 827
460 762 827
460 801 746
460 830 756
461 129 331
461 696 886
461 696 887
461 696 888
461 697 885
461 698 885
461 699 885
461 759 827
461 801 746
461 830 756
462 462 1
462 462 2
462 462 3
462 463 0
462 464 0
462 465 0
462 696 885
462 759 827
462 801 746
462 897 592
462 897 593
462 897 594
462 898 591
462 899 591
462 900 591
463 462 0
463 696 885
463 759 827
463 897 591
464 462 0
464 696 885
464 897 591
465 206 288
465 206 289
465 206 290
465 207 287
465 208 287
465 209 287
465 462 0
465 897 591
466 206 287
467 206 287
468 206 287
468 900 593
468 900 594
468 900 595
468 901 592
468 902 592
468 903 592
469 900 592
470 900 592
471 900 592
471 900 596
471 900 597
471 900 598
471 901 595
471 902 595
471 903 595
472 900 595
473 900 595
474 900 595
476 75 408
476 75 409
476 75 410
476 76 407
476 77 407
476 78 407
476 157 322
476 157 323
476 157 324
476 158 321
476 159 321
476 160 321
477 75 407
477 157 321
478 75 407
478 157 321
479 75 407
479 157 321
496 496 1
496 496 2
496 496 3
496 497 0
496 498 0
496 499 0
497 496 0
498 496 0
499 496 0
509 788 746
509 788 747
509 788 748
509 789 745
509 790 745
509 791 745
510 788 745
511 788 745
512 788 745
513 843 331
513 843 332
513 843 333
513 844 330
513 845 330
513 846 330
513 975 463
513 975 464
513 975 465
513 976 462
513 977 462
513 978 462
514 643 130
514 643 131
514 643 132
514 644 129
514 645 129
514 646 129
514 843 330
514 975 462
515 643 129
515 843 330
515 975 462
516 643 129
516 843 330
516 975 462
517 520 14
517 520 15
517 520 16
517 521 13
517 522 13
517 523 13
517 643 129
518 520 13
519 520 13
519 889 383
519 889 384
519 889 385
519 890 382
519 891 382
519 892 382
520 520 13
520 889 382
521 889 382
522 889 382
524 116 633
524 116 634
524 116 635
524 117 632
524 118 632
524 119 632
525 116 632
526 116 632
527 116 632
528 528 1
528 528 2
528 528 3
528 529 0
528 530 0
528 531 0
529 528 0
530 528 0
531 528 0
531 794 266
531 794 267
531 794 268
531 795 265
531 796 265
531 797 265
531 818 290
531 818 291
531 818 292
531 819 289
531 820 289
531 821 289
532 794 265
532 818 289
533 794 265
533 818 289
534 794 265
534 818 289
534 818 293
534 818 294
534 818 295
534 819 292
534 820 292
534 821 292
535 78 602
535 78 603
535 78 604
535 79 601
535 80 601
535 81 601
535 818 292
536 78 601
536 818 292
537 78 601
537 818 292
538 78 601
545 544 2
545 544 3
545 544 4
545 545 1
545 546 1
545 547 1
545 958 416
545 958 417
545 958 418
545 959 415
545 960 415
545 961 415
546 544 1
546 958 415
547 544 1
547 958 415
548 544 1
548 958 415
551 518 34
551 518 35
551 518 36
551 519 33
551 520 33
551 521 33
552 518 33
553 518 33
554 518 33
557 918 444
557 918 445
557 918 446
557 919 443
557 920 443
557 921 443
558 918 443
559 145 703
559 145 704
559 145 705
559 146 702
559 147 702
559 148 702
559 918 443
560 0 561
560 0 562
560 0 563
560 1 560
560 2 560
560 3 560
560 145 702
560 918 443
561 0 560
561 145 702
562 0 560
562 145 702
563 0 560
567 100 596
567 100 597
567 100 598
567 101 595
567 102 595
567 103 595
568 100 595
569 100 595
570 100 595
595 148 712
595 148 713
595 148 714
595 149 711
595 150 711
595 151 711
596 148 711
597 148 711
598 148 711
598 172 763
598 172 764
598 172 765
598 173 762
598 174 762
598 175 762
599 172 762
600 172 762
600 562 107
600 562 108
600 562 109
600 563 106
600 564 106
600 565 106
601 172 762
601 562 106
602 562 106
603 250 674
603 250 675
603 250 676
603 251 673
603 252 673
603 253 673
603 562 106
604 250 673
605 250 673
606 158 705
606 158 706
606 158 707
606 159 704
606 160 704
606 161 704
606 250 673
607 158 704
608 158 704
609 158 704
609 161 705
609 161 706
609 161 707
609 162 704
609 163 704
609 164 704
609 528 114
609 528 115
609 528 116
609 529 113
609 530 113
609 531 113
610 161 704
610 528 113
610 922 505
610 922 506
610 922 507
610 923 504
610 924 504
610 925 504
611 161 704
611 528 113
611 922 504
612 161 704
612 528 113
612 528 117
612 528 118
612 528 119
612 529 116
612 530 116
612 531 116
612 922 504
613 528 116
613 922 504
614 528 116
615 528 116
627 824 332
627 824 333
627 824 334
627 825 331
627 826 331
627 827 331
627 932 472
627 932 473
627 932 474
627 933 471
627 934 471
627 935 471
628 824 331
628 932 471
629 824 331
629 932 471
630 824 331
630 932 471
644 299 944
644 299 945
644 299 946
644 300 943
644 301 943
644 302 943
645 299 943
646 299 943
646 646 1
646 646 2
646 646 3
646 647 0
646 648 0
646 649 0
647 299 943
647 646 0
648 646 0
649 646 0
669 397 785
669 397 786
669 397 787
669 398 784
669 399 784
669 400 784
670 397 784
671 397 784
672 397 784
673 683 11
673 683 12
673 683 13
673 684 10
673 685 10
673 686 10
674 683 10
675 683 10
676 683 10
693 486 852
693 486 853
693 486 854
693 487 851
693 488 851
693 489 851
694 486 851
695 486 851
696 486 851
697 478 872
697 478 873
697 478 874
697 479 871
697 480 871
697 481 871
698 478 871
699 478 871
700 478 871
709 423 867
709 423 868
709 423 869
709 424 866
709 425 866
709 426 866
710 423 866
711 423 866
712 423 866
717 848 414
717 848 415
717 848 416
717 849 413
717 850 413
717 851 413
718 848 413
719 848 413
720 848 413
722 349 912
722 349 913
722 349 914
722 350 911
722 351 911
722 352 911
723 349 911
724 349 911
725 349 911
727 30 714
727 30 715
727 30 716
727 31 713
727 32 713
727 33 713
728 30 713
729 30 713
730 30 713
735 374 938
735 374 939
735 374 940
735 375 937
735 376 937
735 377 937
736 374 937
737 374 937
737 697 89
737 697 90
737 697 91
737 698 88
737 699 88
737 700 88
738 374 937
738 697 88
739 697 88
740 697 88
743 306 982
743 306 983
743 306 984
743 307 981
743 308 981
743 309 981
744 306 981
745 306 981
746 306 981
750 750 1
750 750 2
750 750 3
750 751 0
750 752 0
750 753 0
751 750 0
752 509 782
752 509 783
752 509 784
752 510 781
752 511 781
752 512 781
752 750 0
753 509 781
753 750 0
754 509 781
755 509 781
758 113 648
758 113 649
758 113 650
758 114 647
758 115 647
758 116 647
759 113 647
760 113 647
761 113 647
768 894 127
768 894 128
768 894 129
768 895 126
768 896 126
768 897 126
769 894 126
770 894 126
771 894 126
775 599 337
775 599 338
775 599 339
775 600 336
775 601 336
775 602 336
776 599 336
777 599 336
778 599 336
779 605 343
779 605 344
779 605 345
779 606 342
779 607 342
779 608 342
780 605 342
781 605 342
782 605 342
784 484 757
784 484 758
784 484 759
784 485 756
784 486 756
784 487 756
785 484 756
785 713 473
785 713 474
785 713 475
785 714 472
785 715 472
785 716 472
786 484 756
786 713 472
787 484 756
787 713 472
788 713 472
798 672 447
798 672 448
798 672 449
798 673 446
798 674 446
798 675 446
798 957 164
798 957 165
798 957 166
798 958 163
798 959 163
798 960 163
799 672 446
799 957 163
800 672 446
800 957 163
801 672 446
801 957 163
803 301 527
803 301 528
803 301 529
803 302 526
803 303 526
803 304 526
804 301 526
805 301 526
806 301 526
810 870 77
810 870 78
810 870 79
810 871 76
810 872 76
810 873 76
811 870 76
812 870 76
813 870 76
816 802 19
816 802 20
816 802 21
816 803 18
816 804 18
816 805 18
817 802 18
818 802 18
819 802 18
820 456 765
820 456 766
820 456 767
820 457 764
820 458 764
820 459 764
821 456 764
822 456 764
823 456 764
830 659 430
830 659 431
830 659 432
830 660 429
830 661 429
830 662 429
831 659 429
831 807 25
831 807 26
831 807 27
831 808 24
831 809 24
831 810 24
832 473 666
832 473 667
832 473 668
832 474 665
832 475 665
832 476 665
832 659 429
832 807 24
833 473 665
833 659 429
833 807 24
834 473 665
834 807 24
835 473 665
838 195 902
838 195 903
838 195 904
838 196 901
838 197 901
838 198 901
839 195 901
840 195 901
841 195 901
842 445 760
842 445 761
842 445 762
842 446 759
842 447 759
842 448 759
843 445 759
844 445 759
845 445 759
864 393 746
864 393 747
864 393 748
864 394 745
864 395 745
864 396 745
864 658 499
864 658 500
864 658 501
864 659 498
864 660 498
864 661 498
865 393 745
865 658 498
866 393 745
866 658 498
867 393 745
867 658 498
890 503 654
890 503 655
890 503 656
890 504 653
890 505 653
890 506 653
891 503 653
892 503 653
893 503 653
920 166 831
920 166 832
920 166 833
920 167 830
920 168 830
920 169 830
921 166 830
922 166 830
923 166 830
948 852 225
948 852 226
948 852 227
948 853 224
948 854 224
948 855 224
949 852 224
950 852 224
951 852 224
954 696 259
954 696 260
954 696 261
954 697 258
954 698 258
954 699 258
955 696 258
956 696 258
957 696 258
